gene	0	12	24	48	72
A17R_Medtr2g069340_rep3	3.1236661964538195	3.297778355158528	2.8248357271072635	3.1649471406111305	2.93495675990134
A17R_Medtr6g045203_rep1	1.872106410561021	2.055195654242125	1.5851227912652786	1.898401859992193	1.6659990728120624
A17R_Medtr1g116270_rep2	0.4146767804268861	0.6741593053365232	0.3087880009994096	0.4286784099482301	0.3568950182822838
A17C_Medtr7g090760_rep2	0.5607149544744789	1.4372277389129098	0.0	0.5525410230287788	0.0
A17R_Medtr2g090010_rep1	3.023728483415763	3.8293083631616534	2.7701947549513166	3.5899232450318586	3.167839602120893
A17C_Medtr4g087090_rep2	0.7677960243194805	1.3638252122657435	0.5482722056359876	1.0325710827542671	0.3748076544903111
A17R_Medtr3g071760_rep2	0.11725175028928456	0.4819877432034708	0.0	0.4987614656718524	0.0067169162145806465
A17C_Medtr7g112330_rep2	0.2277410758391281	0.7993636579646848	0.0	0.2761988650322418	0.0
A17C_Medtr3g491890_rep2	2.5371303733912347	3.028981628572902	1.6577924213551205	2.9129691511751226	1.99264759697842
A17R_Medtr2g047855_rep3	0.6867619627894124	0.9173681009948556	0.4919385868361079	0.9017518723095459	0.6034384238820539
A17C_Medtr1g025180_rep3	1.39579401850986	1.6867619627894122	1.2517695797379798	1.5677076849271212	1.4358063643734158
A17C_Medtr2g097680_rep1	1.493134922305505	2.1724875155101344	1.0845178711562702	1.7443046401743678	1.4469619630776074
A17R_Medtr5g012930_rep3	5.9750416290983255	6.157677041467746	5.812241495189477	6.026291043393284	5.799277303685185
A17R_Medtr1g051115_rep3	0.3681164518913512	0.6160439653349368	0.07815436664494682	0.39286691623079983	0.1574749446551094
A17C_Medtr8g078700_rep2	2.8000543061854906	3.3100492253513827	2.814618779816368	3.075646718790753	2.7663831410012976
A17C_Medtr5g006130_rep2	2.8920023688418484	3.6619775677405286	2.7352333205449693	3.2570106182060243	2.352381891429076
A17R_Medtr8g012725_rep3	2.761072470788641	3.0749620576812218	2.5882449025519816	3.0147123515213723	2.693617049737267
A17C_Medtr4g014750_rep2	3.3550162642195502	3.60620531294249	2.9889572962979143	3.354546193171473	3.0267410522048737
A17R_Medtr0041s0130_rep2	1.5902427080625905	2.0612001564367377	1.174832495036357	1.5240636757772106	1.1076878693143732
A17R_Medtr7g068380_rep1	3.1723274916576165	3.549299517470621	2.8702660703959824	3.4457267033499845	2.520883166770002
A17C_Medtr5g097220_rep1	0.19912264201360064	0.5102868162978682	0.0	0.4548777638106349	0.19029879162659466
A17C_Medtr8g107010_rep3	1.5867247179687172	2.0442775332303937	1.3557680594637065	1.7913278826158952	1.0141172048436988
A17C_Medtr5g018810_rep2	0.0	0.7186721443578534	0.0	0.3006118636502701	0.0
A17R_Medtr8g089342_rep2	6.343851933442121	6.877613387321047	6.337663524742048	6.563692024056237	6.219788068505776
A17C_Medtr7g115470_rep2	0.7381192887825767	1.1252102475585055	0.6226180454657936	1.06235200882598	0.6717462668632227
A17R_Medtr3g111740_rep3	3.0137599989554658	3.4646682670034443	2.7360997173526442	3.056121051990909	2.7947277666952592
A17C_Medtr7g112350_rep1	6.328196193253532	6.618811273076037	6.190720201017902	6.571429059315379	6.314889838672907
A17C_Medtr5g075650_rep1	3.9613455040332575	5.036737756299668	3.6225399585376334	4.250860540931133	3.0516041208660885
A17R_Medtr3g049970_rep3	0.14795788138710142	0.27301849440641585	0.0	0.21619615537254214	0.004321605950093468
A17C_Medtr7g100010_rep1	5.144930103206908	5.847378953436179	5.121139765863033	5.387661233084004	5.04755292964155
A17C_Medtr1g034180_rep2	0.17334067641074494	0.6294731967869488	0.0	0.21867785616951024	0.0
A17C_Medtr5g045000_rep2	3.668383912250889	3.913032999952141	3.099070730237293	3.73530554015507	3.267585734727533
A17R_Medtr4g068420_rep2	4.026357446963839	4.466105019233888	3.3558150336612163	4.47748305572792	3.692910693680306
A17C_Medtr4g134790_rep3	3.979049764716218	4.0963461989931735	3.9208331775122898	4.039957209778959	3.9269166303549934
A17R_Medtr8g086040_rep1	1.3246186152585275	1.407805930047768	1.1919836911359312	1.326920788684638	1.1856551459350468
A17R_Medtr8g041910_rep3	0.1982845966569603	0.33989749823584603	0.13312508323936062	0.2248634953762949	0.11236652307256316
A17C_Medtr1g041795_rep2	5.863112495720649	6.252375287552162	5.524951709945727	5.85730094410668	5.397129820918352
A17R_Medtr3g435320_rep2	0.0	0.3762903833370516	0.0	0.14099673378803151	0.0
A17C_Medtr2g081000_rep1	5.410759432757242	5.751213752345582	5.353676157751642	5.550254261413746	5.105133277216131
A17R_Medtr3g067775_rep3	2.6341285575250413	2.993915847300112	2.3305584000308026	2.7600079868320697	2.5032639181510543
A17C_Medtr8g058280_rep3	0.32385040701839096	0.5062295507949759	0.21619615537254214	0.3516283291027824	0.20455810287915552
A17C_Medtr3g087070_rep2	2.6499985941183475	3.0667780743390183	2.170459234013085	3.0800322462651524	2.488172203909059
A17R_Medtr7g405900_rep2	0.1079110067428424	0.7441610955704101	0.0	0.2912106137163042	0.0
A17C_Medtr1g019120_rep2	3.32524248339404	3.6273733734409146	3.27331695216169	3.6128242760756657	3.1438831595887162
A17C_Medtr7g086370_rep1	2.9398534276363497	3.2896869428049804	2.806599026665343	3.2495970360589967	2.976485841064324
A17C_Medtr7g113270_rep2	1.1669296376831528	1.5728896684205813	0.9664304673062984	1.5035183542425206	1.009108256130382
A17C_Medtr1g075320_rep2	3.866116701534333	4.3724181833954825	3.7253412611908856	4.100669346614365	3.8808487537549214
A17C_Medtr7g083240_rep1	4.271475478293291	4.557062844105783	4.121789052895961	4.4129621331305104	4.110029092799366
A17C_Medtr4g129490_rep1	2.186606199283387	2.5613668727146224	2.2062264407822045	2.34672055633865	2.1802539689833496
A17R_Medtr1g111400_rep1	2.0945738979800548	2.3784191398381482	2.028569152196771	2.2747089392147117	1.8644668133820432
A17R_Medtr3g073250_rep3	4.33359070265552	4.431333232823898	4.276447036474357	4.385016806906648	4.288752283978432
A17C_Medtr4g131840_rep1	3.4777204955323033	3.73226919950145	3.385292973645792	3.606442228131608	3.229998012294547
A17R_Medtr6g016985_rep2	0.0	0.0445106960657926	0.0	0.02242699930324244	0.0
A17C_Medtr4g014120_rep2	0.11503324294624008	0.23470568277529955	0.0	0.15488560197817128	0.0
A17R_Medtr4g123470_rep3	0.6571826601284232	0.9058643141916752	0.4527711267253588	0.6753643127491455	0.5257348158237787
A17R_Medtr6g465420_rep2	0.17802406415942013	0.7683607904417404	0.08043027032073509	0.5270703355126605	0.2638356805230329
A17C_Medtr6g015665_rep2	2.3886487747983147	2.9046446560275574	2.0952493170190247	2.7083344047488667	2.341890892365444
A17C_Medtr7g116990_rep1	2.352758525040637	2.7546737537312103	2.0693584632238227	2.367836977178781	1.9876846775667607
A17R_Medtr3g019070_rep2	0.01863417413905097	0.052879559602948864	0.0	0.049630767724600434	0.01673401575980127
A17C_Medtr4g086500_rep1	1.6913852722991298	2.413594082409176	1.2391943430076728	2.0258556553882894	1.5449798832558037
A17C_Medtr8g020960_rep2	1.294155090636539	1.7797499922554456	0.8169409708868022	1.2068515704406697	0.7610015296217157
A17C_Medtr3g103210_rep1	0.8046043110415693	1.2049753682590385	0.0	0.9592755734305216	0.12388687638402265
A17R_Medtr4g116920_rep3	0.1982845966569603	0.3692338096657191	0.1831159342952992	0.2670363363912901	0.09491164702546698
A17C_Medtr3g055230_rep2	2.477159211186641	3.1534810985137005	2.025383221477924	2.8100317280109386	2.3999002340417435
A17C_Medtr8g009160_rep2	0.20997316208238007	0.3796209620557083	0.0	0.3474766858323149	0.0
A17C_Medtr1g043775_rep1	3.7024728547852837	4.12421783299971	3.283576116074512	3.847128356477472	3.05797006863733
A17R_Medtr4g131750_rep2	1.5680321047712789	1.7585874520177256	1.4960361849731072	1.718964335759539	1.3725807000359491
A17R_Medtr3g464850_rep2	0.09581192477130482	0.3068455003142828	0.0	0.24123003551544536	0.0
A17R_Medtr7g093360_rep3	1.9321871874190504	2.3293149859231668	1.6976255695380091	2.2912106137163044	1.4862853187402862
A17R_Medtr5g043780_rep1	0.6443177783375775	0.9893812531988564	0.3455856185266986	0.6538243588659602	0.5014816079641586
A17R_Medtr1g034140_rep3	0.2456984736786071	0.6160439653349368	0.03139519627553432	0.2670363363912901	0.0
A17C_Medtr1g070140_rep2	0.12873331412220276	0.5001221779074931	0.0	0.2281516906251329	0.0
A17R_Medtr8g054400_rep3	2.4940742047185944	2.7910499870085848	2.343123519401852	2.7049457199861813	2.1746194725123984
A17C_Medtr3g109950_rep2	7.461569485018058	8.204028197520485	6.8665453635689495	7.588194921951151	7.193216501176991
A17R_Medtr5g082920_rep2	0.0	0.0445106960657926	0.0	0.02242699930324244	0.0
A17R_Medtr1g043050_rep1	0.0	0.06166100775542682	0.0	0.026209879322848628	0.0
A17C_Medtr6g045087_rep1	0.2265085298086797	0.6759664392357196	0.0	0.6882549723823393	0.0
A17C_Medtr4g096810_rep1	5.356284691534004	5.677780706805391	5.0912343735614245	5.433182028222599	5.1736205099322286
A17C_Medtr5g071220_rep1	2.198389378952891	2.3854310371935203	2.0174468684668296	2.343692069179019	1.9089409708563048
A17C_Medtr7g076860_rep1	1.1304916263945617	1.8627489257935297	1.0466074675883663	1.4613539307683259	1.031395196275534
A17R_Medtr2g041140_rep3	0.08678376614206666	0.11990946373519668	0.048701196145475835	0.10254615999957173	0.021953441104049124
A17C_Medtr1g092970_rep2	1.5659220705838697	2.0705038229544237	1.2161961553725422	1.782548354185841	1.3397075074485971
A17R_Medtr7g118150_rep3	0.5649471668137682	0.993251664751298	0.3866270348089057	0.6169849557200018	0.3836812552435606
A17R_Medtr2g445370_rep3	0.2590213433271706	0.6353674541583993	0.2334790750430085	0.4326031422932143	0.15142589998230446
A17C_Medtr5g042920_rep2	4.4699944781389815	4.75396103015141	4.35374672071372	4.68853473975183	4.249344202241752
A17R_Medtr7g087440_rep2	4.0223678130284535	4.292192773901891	3.8697727232513848	4.060191530649216	3.8585115440131648
A17R_Medtr1g090837_rep2	5.6430480542527555	5.918751950720389	5.4565761931705055	5.682723102138834	5.537006090626935
A17C_Medtr5g011360_rep2	0.3391373849195853	0.5932740838836491	0.0	0.3223127622782265	0.0
A17C_Medtr1g100860_rep2	1.6910874409518937	2.38404980679516	1.105007524760974	2.192299390843429	1.2456984736786072
A17C_Medtr6g015275_rep2	0.8026757582314721	1.662053549046189	0.0	0.8270060096389769	0.0
A17R_Medtr5g083970_rep3	0.0	0.28293396327149883	0.0	0.13531596451217093	0.0
A17C_Medtr4g100990_rep2	0.0	0.2558028366027179	0.0	0.09671164107167696	0.0
A17R_Medtr1g022255_rep1	2.9934932210584155	3.4286784099482297	2.9768523949619268	3.2207942669709597	2.9002710954233857
A17R_Medtr5g061550_rep1	0.21536797220347947	1.3140197260402002	0.30723420974432897	0.7658176000136995	0.0
A17C_Medtr1g100800_rep1	0.4939888406736657	1.2404161031717749	0.0	0.996388746447621	0.3345682756661329
A17C_Medtr0212s0020_rep2	0.1056780778945372	0.23470568277529955	0.0	0.21867785616951024	0.0
A17R_Medtr4g108370_rep1	3.4435624505828013	3.734221866220779	3.2769928634237133	3.6037944641752895	3.2995865807475546
A17C_Medtr3g054110_rep1	0.8710550750866295	1.6904915937401654	0.732631003902315	1.2892442851566424	0.7530339627938597
A17C_Medtr7g060770_rep1	0.4045398601412252	0.973794929652606	0.0	0.4548777638106349	0.11458913180193303
A17R_Medtr5g070850_rep2	0.01863417413905097	0.12432813500220175	0.0	0.05889368905356863	0.0
A17C_Medtr1g110750_rep1	3.669404780719677	3.8423419617189247	3.5603481209663217	3.750642232353601	3.667778612106852
A17R_Medtr4g129510_rep1	2.1170300530101867	2.76934859947786	1.7755422456185297	2.50063211430428	2.024319679195413
A17R_Medtr5g014010_rep2	3.077584829295602	3.2567590804073063	2.9487877129868996	3.2201235459742907	2.9405426480985155
A17C_Medtr7g114200_rep1	2.797912219613949	4.159521550125957	2.2446841341578883	3.882251756969725	1.6342834777980366
A17C_Medtr1g052175_rep2	6.149665838621205	6.299409523621524	5.939790754900577	6.195806898623369	5.99212638529451
A17C_Medtr8g020430_rep2	1.0676387168753634	1.803778104066108	0.7776476529692141	1.0953618561228602	0.7398481026993274
A17C_Medtr5g090150_rep1	2.3846945455479482	2.602805246324869	2.2522743539080947	2.431444673128675	2.3049976989374854
A17R_Medtr3g082810_rep2	3.396707521383976	3.486800168578936	3.315034806438523	3.394834217557044	3.3206772170598704
A17C_Medtr7g068940_rep2	5.790137765880973	6.034509202541336	5.748872657294537	5.886314393579086	5.789564074375358
A17R_Medtr4g113620_rep3	0.5410191531335592	0.7438739635083839	0.2947432655611319	0.5430008774024255	0.20246996379571186
A17R_Medtr1g064235_rep3	0.0	0.3692338096657191	0.0	0.18565514593504687	0.0
A17C_Medtr3g083640_rep2	3.0443358274721084	3.3563316489132418	2.893685793818024	3.146818118866761	2.9602027752282565
A17R_Medtr1g098733_rep1	0.3025627700204313	0.6547410347673218	0.2963105607080923	0.430106820996492	0.3010022560328143
A17C_Medtr4g017880_rep1	5.832999688566245	6.0973649894409725	5.859563774581656	5.968013929177703	5.773899650055323
A17R_Medtr2g034140_rep1	0.039840264531791104	0.1579060503032863	0.0214797274104514	0.06901467791518046	0.0
A17C_Medtr2g064495_rep3	0.16306929485125518	0.21909105824619696	0.14752379230878818	0.2215677885384093	0.13925118603620207
A17C_Medtr3g491840_rep1	2.5105400169375134	3.2179027831538467	2.4189095414719453	2.768784219992563	2.5010569236595144
A17C_Medtr2g105240_rep2	2.9272011637659765	3.2861911696186046	2.4642326049011185	3.1974984867654386	2.5269034631464007
A17R_Medtr5g011090_rep3	3.9289387607886916	4.176828052985114	3.8508327536489033	4.07293469739543	3.6563056766082185
A17C_Medtr3g047590_rep2	3.1251551313222903	3.4933057464180592	2.8104431038451745	3.206070116034515	2.9924058990316507
A17C_Medtr3g109930_rep2	0.0	0.5512288855659879	0.0	0.2396017113686711	0.0
A17R_Medtr4g109660_rep1	0.0	0.05195207963472162	0.0	0.019108822947704742	0.0
A17C_Medtr5g059910_rep1	0.19912264201360064	0.4625758880422044	0.0	0.4240262825060986	0.18057224564182084
A17R_Medtr8g011160_rep2	1.0719914324878994	1.3608324560189042	0.8924557919137683	1.3431235194018525	0.8199406214239747
A17R_Medtr2g104380_rep1	0.5926364286065773	1.1205731278000577	0.4001735666468537	0.8084536997503885	0.4618777534818162
A17R_Medtr7g006630_rep3	0.17419333307911594	0.3134393592710369	0.07815436664494682	0.2248634953762949	0.0
A17R_Medtr5g041280_rep1	0.3855230722189664	1.0565835283663676	0.0	0.7538897384240274	0.4534736809349519
A17C_Medtr3g055710_rep3	0.10657166419804404	0.2355228422652228	0.05380644369579382	0.12697285625776553	0.07313470463021537
A17R_Medtr4g063865_rep2	0.1366288980542238	0.6440100690390047	0.15833702716710066	0.4168397419128293	0.0067169162145806465
A17R_Medtr4g079590_rep1	0.5459683691052926	0.8623521995320201	0.4453735776498027	0.7538897384240274	0.3433130608907786
A17R_Medtr2g067830_rep3	0.05334307608593645	0.19072020101790368	0.0	0.1252102475585056	0.0
A17C_Medtr6g464510_rep3	5.0796909953668745	5.285735110078021	4.820247052609692	5.222933330562639	4.980817437421288
A17C_Medtr1g100950_rep2	3.2290751468188192	3.6131387086036666	3.2045059362200443	3.5042390129130587	3.1597906243086
A17C_Medtr5g081530_rep1	0.9789277763813988	1.1520752263937857	0.8329575070908091	1.1168083216578888	0.8059802720813865
A17C_Medtr3g028170_rep3	4.001411947740878	4.1320558210854434	3.9352082757738196	4.0620353410848375	3.9128095168689137
A17C_Medtr7g082910_rep1	4.939587049704364	5.304072909992781	4.7729765165060885	4.9620862498506435	4.844703672411087
A17C_Medtr2g101290_rep2	3.020591094773247	3.799605422452669	2.6268284755313847	3.5439494897935675	2.912202745362656
A17R_Medtr0011s0330_rep3	6.145616322754647	6.5148323838071285	5.918219246189794	6.246952732290523	5.9790116444696135
A17C_Medtr6g027600_rep2	4.266136869397518	4.675608956943849	4.281129466424751	4.4449320489421815	4.141269284946134
A17C_Medtr2g047110_rep1	5.017550796730679	5.2438594578480044	4.659182475353133	5.1814073879500135	4.856072722948931
A17R_Medtr2g018830_rep1	3.0347439493247337	3.246357412136494	2.9306742675486293	3.1614577650554114	3.0535168563805666
A17R_Medtr4g059340_rep3	0.042644337408493715	0.05935527761642124	0.020531833131352567	0.051024003024466885	0.030453796541713988
A17C_Medtr2g021130_rep3	7.06017351306442	7.45907089978534	6.9959027945733245	7.201189484483223	7.0565763033130136
A17R_Medtr0100s0170_rep3	0.1609201881811032	0.348232419239271	0.0	0.3173040683619148	0.0
A17C_Medtr1g111380_rep1	2.7947277666952592	3.606679104421589	2.5780531054621405	2.9096451148724918	2.609754962172444
A17C_Medtr2g449780_rep3	0.06534252819887196	0.2355228422652228	0.0	0.1535891857990763	0.0
A17C_Medtr2g101460_rep1	0.8906412439634438	1.7649688726389583	0.0	1.1088032114966264	0.3729520979118291
A17R_Medtr0095s0110_rep1	1.063502942306158	1.3506858223462657	1.009586048829198	1.3461531990366309	0.9360882361798072
A17R_Medtr3g070090_rep3	0.0	0.19072020101790368	0.0	0.10254615999957173	0.0
A17C_Medtr8g062770_rep2	2.5864044748950623	3.9114039727992096	2.2319443473628464	2.9948210582813632	2.5315686088149625
A17R_Medtr1g106785_rep3	5.4242614853500095	6.182387731725348	4.97304486138983	5.515510619969011	4.7248685146863965
A17C_Medtr4g008780_rep2	1.1516423745930924	1.741143354955316	1.005998740621443	1.3440709779247004	0.6717462668632227
A17C_Medtr8g096540_rep1	0.4045398601412252	1.6712933724815755	0.0	0.8015725694635982	0.2582173895360179
A17C_Medtr7g101290_rep2	0.0	0.26663664251398955	0.0	0.10880321149662672	0.0
A17R_Medtr1g052970_rep1	0.0	0.08224841175971452	0.0	0.042177370244394566	0.0
A17C_Medtr3g091400_rep2	2.832079852671662	3.3296020227727836	2.3195215971802674	2.8742067858777984	2.561040950417768
A17R_Medtr0006s0160_rep2	4.821574169484017	5.093574260510967	4.583799861367804	4.853147340571693	4.514059121150548
A17C_Medtr2g088220_rep1	4.3825289244414805	4.795039599624365	4.037645784109753	4.375062606984725	4.185892968055465
A17R_Medtr7g087110_rep3	1.6083361503476612	1.9853789862170244	1.4216945811802921	1.718526026462262	1.5401926306011338
A17R_Medtr6g015975_rep3	0.28688114778816154	0.7581610186806959	0.09040181202798936	0.4970587686243462	0.12167855658825248
A17C_Medtr7g072310_rep2	5.367266214815175	5.664795693771982	5.318365050890081	5.4808790417218844	5.212283987989045
A17C_Medtr3g109710_rep1	1.3378062221959706	1.9477284883525163	0.7518921384043089	1.6257380619086483	0.8880450671950177
A17C_Medtr4g097400_rep3	0.12565110166152013	0.28688114778816154	0.0	0.31768997047492564	0.05473273267842591
A17C_Medtr5g014150_rep3	4.173793713010759	4.680511902510954	3.9983459641265218	4.560979831789191	3.65451192039069
A17C_Medtr1301s0010_rep3	1.7555997683052569	2.392775348521659	1.6529071001463538	2.150451362070965	1.7546024972157046
A17R_Medtr7g115310_rep3	3.5336879278994817	3.7168446061224287	3.4133684180141515	3.6970694962559514	3.378419139838148
A17C_Medtr8g068410_rep2	0.0	0.6696315423119847	0.0	0.3223127622782265	0.0
A17C_Medtr3g461480_rep1	1.5918389629730447	3.880130410201706	1.212673088808845	2.60652119121643	1.5178635713960336
A17C_Medtr3g009490_rep2	0.5607149544744789	1.1548856019781713	0.0	0.5675454476437467	0.2338880601742773
A17C_Medtr7g094900_rep3	0.2610292699434171	0.5843211603945736	0.0	0.5646220524369805	0.2297929820887179
A17C_Medtr5g016060_rep2	0.0	0.444313681649476	0.0	0.17844907374885086	0.0
A17C_Medtr2g011160_rep1	2.198389378952891	3.3551572556724736	1.7402799826728832	2.656496370553496	2.1363007766682776
A17C_Medtr3g034650_rep1	0.1340018350383824	0.2904244038652997	0.0	0.3115031154682697	0.062121711907797486
A17C_Medtr2g014210_rep1	3.737181982193643	3.866116701534333	3.6337411840455793	3.80408798713237	3.6989963012714235
A17C_Medtr6g083930_rep2	1.972325041557152	2.9646450677063485	1.8379432418910269	2.3304627908296087	1.4573316254850135
A17R_Medtr3g104120_rep2	5.640312429148412	5.871030425220482	5.464003829621273	5.686631250908269	5.465593612380114
A17R_Medtr1g048110_rep2	0.013402704602488541	0.052879559602948864	0.0	0.049630767724600434	0.0067169162145806465
A17C_Medtr8g028070_rep2	0.0	0.2860925743654733	0.0	0.10880321149662672	0.0
A17R_Medtr7g062990_rep3	2.141977677078798	2.493732718228832	1.7059041989038457	2.4576818366873376	1.7770865113670835
A17C_Medtr1g104555_rep2	0.0	0.3707222751481672	0.0	0.14274017211608214	0.0
A17C_Medtr1g088610_rep2	4.80611779603563	5.158269695518216	4.308156975114762	4.784573777808316	4.213321357061325
A17C_Medtr7g067000_rep1	0.6097549621724434	1.6084938650284293	0.0	0.759865996276285	0.11458913180193303
A17R_Medtr1g031730_rep3	3.6176511194273298	3.8048451989757766	3.3832665221777645	3.7467068915586	3.5299042165665755
A17C_Medtr3g109700_rep1	2.9445461403531565	3.6167105635854333	2.773433761235498	3.5126482959052665	2.597173584672031
A17R_Medtr5g089380_rep3	0.21950414201162155	0.6659990728120624	0.0	0.36139407091247777	0.105231077103699
A17R_Medtr8g058250_rep1	3.466627120041501	3.9684287240724383	3.1720073906931603	3.531776522899816	3.2995865807475546
A17R_Medtr1g034050_rep3	3.602171790753379	3.9481024211484814	3.393416200471545	3.7517136466821457	3.4586444793756743
A17R_Medtr2g020450_rep1	0.07130503407313299	0.1881898962928961	0.03843618165610792	0.18861192205015148	0.043577818541604106
A17C_Medtr1g072300_rep1	1.984042426097024	2.9384112654483068	1.8057051848385115	2.3241385330468867	1.9833128710671208
A17C_Medtr2g044850_rep1	0.0	1.0699312567521666	0.0	0.4771592111866411	0.0
A17C_Medtr3g093450_rep2	0.28095631383105635	0.8945267702573945	0.0	0.2761988650322418	0.0
A17C_Medtr4g094538_rep1	3.2750070474998703	3.5247323641047736	2.9608205788694577	3.2989026537886392	3.119522185329472
A17C_Medtr8g012470_rep2	0.0	0.7993636579646848	0.0	0.4308204965197713	0.0
A17C_Medtr1g069705_rep2	1.6313371441274809	1.998676923042892	1.6577924213551205	1.7871538174776842	1.6447792192629536
A17R_Medtr4g071190_rep3	1.4146767804268858	1.699403565089194	1.2365436411763375	1.4606552044968208	1.2841192529787748
A17C_Medtr6g042540_rep1	0.15402145397935554	0.4215150633500486	0.0	0.3115031154682697	0.0
A17C_Medtr8g074930_rep2	6.107269393592545	6.469826296770518	5.965853532362118	6.243637349044112	6.069351301865404
A17R_Medtr7g057530_rep2	1.296702118599189	1.6429325693584862	1.1116990721974205	1.3684890006451036	1.170993268829804
A17R_Medtr5g071090_rep3	0.6473912670178723	0.8226621748454527	0.3364738300851417	0.6430865471633058	0.36550591342896654
A17C_Medtr6g040180_rep2	0.0	0.5001221779074931	0.0	0.2646365104302954	0.0
A17C_Medtr4g027070_rep1	2.718452961964468	3.1002488298053605	2.5986034113905427	2.932502179459972	2.7070093454284514
A17R_Medtr6g028070_rep2	2.4749983878475312	2.768925335563752	2.3672778652840867	2.6164361192531653	2.2234225499349374
A17R_Medtr1g045660_rep2	4.410182786652444	4.70304531252129	4.400128014808733	4.665601216016539	4.2069296926056605
A17R_Medtr4g074150_rep3	0.9401040913570547	1.1320283936837836	0.7686430906169665	0.9458573691923596	0.7924389300646377
A17R_Medtr6g037220_rep1	1.9811219897943109	2.61847360308248	1.8937505017205656	2.2439736719193064	1.8299848272997508
A17R_Medtr5g039570_rep3	0.06350294230615795	0.2408231267436352	0.0	0.2330699739369385	0.0
A17C_Medtr2g037200_rep2	0.8394221708169404	1.9471050515678747	0.0	1.4200781159793738	0.42653313811667337
A17C_Medtr3g086070_rep2	0.11503324294624008	0.2404161031717751	0.0	0.14274017211608214	0.0
A17R_Medtr1g047990_rep3	2.8525981703790686	2.9639672687552436	2.7005137006051934	2.8808813972376512	2.693617049737267
A17C_Medtr8g069915_rep2	2.7151612238478577	3.43616183931445	2.1724875155101344	2.6769443591069124	2.1670367221174858
A17C_Medtr4g108080_rep1	6.168588553879497	6.665942242843992	5.999894799651126	6.4234212990596475	6.191542911415093
A17C_Medtr7g087540_rep3	0.14448150611250712	0.2686340054813565	0.0	0.14012422390907067	0.0
A17C_Medtr8g464440_rep2	0.17334067641074494	0.5129853348136765	0.0	0.4418375586225591	0.0
A17R_Medtr4g094258_rep3	2.746527757118188	2.8732882479154203	2.703838990926187	2.7870144737734286	2.730748629416213
A17C_Medtr4g125300_rep2	8.110036055058844	8.598995373261234	8.0038158368721	8.397522049273697	7.761967803123324
A17C_Medtr7g087410_rep3	2.6363732748910427	3.087293102437168	2.6056523594883414	2.910476842230128	2.3063594662023217
A17R_Medtr5g025020_rep3	5.518283337770113	5.869468408395512	5.3515223278261725	5.656858619622419	5.1627337078925075
A17R_Medtr3g034030_rep2	3.836799393886928	4.596935142387232	3.463099267348104	4.310849046224615	3.4730941824535213
A17C_Medtr6g076090_rep1	0.1074646973685514	0.7621361699011123	0.0	0.4548777638106349	0.19029879162659466
A17C_Medtr1g102980_rep3	2.4623141271704183	3.0614882057620205	2.078723679244927	2.5675454476437465	1.9049657186840263
A17C_Medtr4g063705_rep2	4.241840183564671	4.738029189606233	4.0798616309058255	4.5045144637687615	4.105733943256541
A17C_Medtr1g019490_rep2	3.279471295644468	4.3764061573768105	3.134494773877597	3.9103489153809297	3.402585758232587
A17C_Medtr1g055315_rep3	4.452617397375802	4.936936261416847	4.264411321946277	4.47599276856208	4.267835392097616
A17R_Medtr1g016000_rep2	0.0	0.3153730079198265	0.0	0.15142589998230446	0.007195501404203767
A17C_Medtr7g095640_rep1	0.9234661518107008	1.5806279104572647	0.4950128759994398	1.326920788684638	0.766383141001298
A17C_Medtr6g055395_rep2	0.9084286501687868	1.0879153804764117	0.6792736503223908	1.0876891286072283	0.7487474536261209
A17C_Medtr5g038260_rep1	0.15402145397935554	0.4963771267307826	0.0	0.28332916805164143	0.0
A17C_Medtr2g025470_rep1	5.12567865057052	5.811325452104311	4.775875806579852	5.229664823411809	4.736406441495034
A17C_Medtr4g130640_rep2	0.4404207207567671	1.4517166535092918	0.0	0.6735564239901448	0.194927538618891
A17C_Medtr1g069320_rep1	1.7245047580870836	2.040775561187492	1.3037320487883866	1.812703576560284	1.4543513928564629
A17C_Medtr3g107703_rep2	0.0	0.9302957895505106	0.0	0.3696060700318379	0.0
A17C_Medtr5g088860_rep1	4.0831566239652775	4.962718669196457	4.0820496641030894	4.415781197191158	4.072506017071499
A17C_Medtr4g073560_rep1	1.5202126915443226	2.040775561187492	0.7635532165142904	1.6638759009190929	0.8261925362366015
A17C_Medtr1g023985_rep2	2.206539039470558	2.8663145613770475	1.7333543406138276	2.6482353297736343	1.759581973233555
A17C_Medtr8g038430_rep3	0.32385040701839096	0.7134025543400849	0.0	0.4573316254850136	0.23919434300767314
A17C_Medtr1g115950_rep1	4.8198384632300115	5.3011486259452685	4.767072094473169	5.003302393586341	4.793323683819577
A17C_Medtr7g099550_rep2	0.2978761550460948	0.9595228855149344	0.0	0.3006118636502701	0.0
A17C_Medtr7g056073_rep2	0.20997316208238007	0.6995516325230893	0.0	0.4881722039090591	0.17972335180097734
A17C_Medtr4g124000_rep2	4.025442284177903	5.675985251639677	3.36513259345253	4.82179523698955	3.930390418358911
A17C_Medtr7g007400_rep2	1.7663831410012982	1.9797814781930485	1.5806279104572647	1.9495971838871597	1.780869988461827
A17C_Medtr4g134780_rep2	0.32077347694587044	0.8854442100981736	0.0	0.7039866038634306	0.0
A17C_Medtr1g110930_rep2	0.14143279092929553	0.3230817895037326	0.0	0.15488560197817128	0.0
A17R_Medtr1g023820_rep1	1.7982579326445003	2.546956178141411	1.292781749227846	2.0900630054099176	1.5598996421945774
A17C_Medtr6g090520_rep1	2.8804243212517404	3.246357412136494	2.3566133610970814	2.8278190246173196	2.5698151110596603
A17C_Medtr4g125670_rep3	1.3190398155625358	1.4564557253664998	1.2785795504584234	1.3673710656485292	1.2551985664196899
A17R_Medtr1g025870_rep3	0.12344548276244012	0.20163386116965049	0.0	0.1750454861109138	0.014831351401085748
A17C_Medtr4g133000_rep2	3.3180275501688072	3.636914580355878	2.992043276171657	3.3639186359368725	2.9679063702901467
A17R_Medtr7g089140_rep3	4.7630042761134535	5.603072401996057	4.476813696865533	5.6435099014086445	4.54541242915416
A17C_Medtr5g087510_rep2	1.3410369178350672	2.2475224895664474	0.5727280128608974	2.1698181311847806	1.3536996791224771
A17C_Medtr1g106095_rep2	7.745320258711881	8.223852089365758	7.410380681390048	7.851532516821811	7.5285582962180975
A17C_Medtr6g093070_rep2	2.7091435645125785	3.466017984060064	2.709511214431973	3.0041417972577817	2.599238435352768
A17C_Medtr8g039980_rep2	4.630851973035907	4.761019265240483	4.4756469747405125	4.6931709703600815	4.588864518190149
A17R_Medtr1g075650_rep2	0.04544297076116712	0.1505596765753814	0.0	0.049630767724600434	0.0
A17C_Medtr1g023510_rep1	3.876271360550127	3.963196655940395	3.7856551668758733	3.940699243203456	3.7985344434342094
A17R_Medtr6g083730_rep3	2.207372304985536	3.148337602217487	1.812292844873271	3.0950242124716985	1.9584096471206047
A17R_Medtr8g020580_rep1	0.2837242646009788	0.4175600090475549	0.15315678806142052	0.30412159787699306	0.1682141266009669
A17C_Medtr5g073650_rep2	1.12344548276244	1.9654456924961239	0.7871538174776842	1.5918389629730447	1.2211552953144733
A17R_Medtr2g080280_rep3	0.07496205768122191	0.18142064028014168	0.05704585653596705	0.11414488390284493	0.06304267908933701
A17R_Medtr5g009990_rep3	0.4304637028884514	0.5153424050745292	0.3751784795896124	0.4861136612898028	0.3045110418099528
A17C_Medtr4g032670_rep1	2.3476656563009706	3.0442192366331176	1.8433139136713528	2.3715588626119626	2.0594706516850896
A17C_Medtr8g095470_rep2	1.961005868384136	2.9167950850175086	1.8048796082546723	2.4015394534288017	1.6894482685966816
A17C_Medtr1g019240_rep2	0.0	0.7430122242846209	0.0	0.28885069763793103	0.0
A17C_Medtr3g090960_rep1	3.5421342079675466	4.198022607617272	3.4628376014290243	3.780065079080242	3.303975529294743
A17R_Medtr4g020650_rep3	0.1609201881811032	0.6888517438658804	0.16349873228287928	0.4215150633500486	0.07906515899899046
A17R_Medtr7g091040_rep3	1.2513656332028225	1.9730601728040842	0.9725701269295052	1.7288637956692419	1.3751784795896125
A17R_Medtr6g075170_rep3	2.528404620038648	2.952519949037846	2.3245226115958144	2.7213726594768195	2.4672794804599825
A17R_Medtr8g102340_rep3	2.599238435352768	2.8265315392320027	2.4247429715625106	2.639618065362288	2.51853513898218
A17C_Medtr8g041910_rep1	0.4939888406736657	1.1976557430149417	0.0	0.7504635859151835	0.42939279225591387
A17C_Medtr7g074100_rep2	4.4699944781389815	4.591938670287252	4.298413935951686	4.592197877059123	4.369466483650723
A17R_Medtr8g015200_rep3	0.0	0.05935527761642124	0.0	0.02290040211007883	0.0
A17C_Medtr5g093110_rep3	0.3792512772257831	0.5489297694763999	0.28411925297877505	0.39871519397691096	0.21495370226785795
A17C_Medtr8g088780_rep1	0.2801644943595388	0.5766027556758756	0.0	0.4240262825060986	0.11458913180193303
A17R_Medtr8g087440_rep3	2.5577776713949256	2.732341567640759	2.398715193976911	2.6048620581588606	2.391034456895287
A17C_Medtr6g452880_rep3	0.3792512772257831	0.7282833510664053	0.28411925297877505	0.5646220524369805	0.3688614532200104
A17C_Medtr4g014490_rep2	4.5908814219815515	4.901414002732966	4.523541047281719	4.660057712400985	4.439623137557117
A17R_Medtr8g021180_rep2	3.5441144022094746	3.952954748312927	3.4664096009998686	3.734221866220779	3.5039847038976126
A17R_Medtr5g011340_rep3	0.0	0.04171025188483733	0.0	0.01578299724092746	0.0
A17C_Medtr3g037710_rep2	1.681074393274161	2.2738142445870366	1.1199094637351967	1.898401859992193	1.5489297694764
A17C_Medtr4g100990_rep3	0.0	0.07038932789139801	0.0	0.030924573194900707	0.0
A17R_Medtr1g034290_rep3	4.3859601584282615	6.067839459613572	3.639733815870424	4.734908287553593	2.880554929167898
A17R_Medtr4g073235_rep3	0.3083997100427153	0.5636462694840638	0.2750070474998698	0.4785404415850018	0.2714256760929345
A17C_Medtr3g077350_rep2	3.6266338192481657	4.203618814288953	3.377910375051284	3.903038270112912	3.27331695216169
A17C_Medtr2g026310_rep1	3.1474152496280086	3.4527272057255565	3.0883677777961704	3.257714690816381	3.149259365499623
A17C_Medtr1g061860_rep2	3.975569048658571	4.4986976507855925	3.8431463824581487	4.223113588580103	3.8121559083214267
A17R_Medtr7g058640_rep3	2.846459885035205	3.3431709071086964	2.320869730409621	3.1715271060388144	2.353040935737612
A17C_Medtr7g062930_rep2	0.12873331412220276	0.7993636579646848	0.0	0.405992359675837	0.0
A17C_Medtr8g046560_rep2	0.11503324294624008	0.4233092372423869	0.0	0.3587713289133717	0.0
A17C_Medtr4g051390_rep2	0.17334067641074494	0.3230817895037326	0.0	0.2525771336582473	0.0
A17C_Medtr7g022360_rep2	0.3895668117627256	0.7677960243194805	0.0	0.7689253355637512	0.0
A17C_Medtr5g068050_rep1	3.5078369163570238	3.5966966606872277	3.4655391967255698	3.606442228131608	3.466148534851878
A17C_Medtr4g011960_rep2	3.3457748368417297	3.65451192039069	3.1860779137156223	3.473007567916174	3.2829833697899162
A17R_Medtr5g067410_rep3	0.2095573399031392	0.3983503703459648	0.07815436664494682	0.2789759497028154	0.05426966252812099
A17C_Medtr5g010230_rep2	2.320869730409621	3.1920363125515405	1.861028990193284	2.751392305922078	2.4261752824678364
A17R_Medtr3g031750_rep3	0.8237493603082727	0.9570478548154532	0.7288637956692416	0.9076598278532896	0.7790495528374586
A17R_Medtr7g117890_rep3	4.182851175886582	4.817248039798981	4.016763724989338	4.844703672411087	3.8845653614928697
A17R_Medtr3g015270_rep3	0.7899378689801948	1.4997821201473118	0.502500340529183	0.98452859123756	0.6596201602493577
A17C_Medtr3g062220_rep2	0.0	0.26663664251398955	0.0	0.119466851355321	0.0
A17C_Medtr7g109610_rep1	3.983495294414508	4.289711530914651	3.835654638257535	3.994941710176971	3.8625505762997285
A17R_Medtr1g044315_rep2	0.09581192477130482	0.529404524230844	0.12653240592893192	0.2990492368623653	0.0
A17C_Medtr6g039110_rep1	0.15402145397935554	0.4555792931416906	0.0	0.33951749163786626	0.15704371014558005
A17C_Medtr7g016660_rep2	0.10120182534020304	0.2404161031717751	0.0	0.08949815083910265	0.0
A17C_Medtr1g082750_rep1	2.64347141979221	3.1130892465624296	2.2640359296788666	2.652983560651493	2.349082146391089
A17C_Medtr5g021110_rep1	0.7891032175013815	1.3820216071576756	0.0	0.8348460282181193	0.3932331289604956
A17R_Medtr2g059540_rep2	0.3215433249048472	0.4819877432034708	0.2662368378721378	0.4489009511451278	0.34103691783506696
A17C_Medtr5g037520_rep2	0.0	0.6587065802457066	0.0	0.30956426953623845	0.0
A17C_Medtr3g035590_rep3	0.2994400522625309	0.5489297694763999	0.2513656332028223	0.37369460695595386	0.18184465058176533
A17C_Medtr7g058550_rep1	0.11813819888300373	0.4854268271702419	0.0	0.3115031154682697	0.0
A17R_Medtr5g095130_rep3	1.096711641071677	1.345396375391268	0.8893437395672456	1.1159210553071128	0.9158395523360016
A17C_Medtr0013s0150_rep2	4.033951525798175	4.4583163778889885	3.8058427350165136	4.213528741395448	3.9660304836073528
A17R_Medtr2g011830_rep3	0.0	0.05935527761642124	0.0	0.02290040211007883	0.0
A17R_Medtr6g046940_rep1	0.119466851355321	0.2805604584188074	0.0	0.2363395391683736	0.0
A17C_Medtr4g019860_rep1	0.17547137394895534	0.7990873060740036	0.0	0.6723499049644512	0.0
A17R_Medtr4g063895_rep1	3.9103489153809297	4.919832656927555	3.747566427392712	4.462335942390483	3.5897634869849773
A17C_Medtr2g096120_rep1	1.6241788971174356	4.564540762393803	1.514837642678259	3.0648253817084985	0.8604993664572005
A17R_Medtr3g099740_rep2	2.1450252422365663	2.3470986706222687	1.9614998574459352	2.2473199349798194	1.7711813095041191
A17C_Medtr6g014190_rep2	0.15661234669763954	0.7430122242846209	0.0	0.405992359675837	0.0
A17R_Medtr5g073810_rep3	1.5732129252090474	1.7560269592596365	1.3952456390135308	1.5759576874599466	1.3297933489504907
A17C_Medtr7g082640_rep2	7.1299664177071795	7.588194921951151	6.758418670560037	7.505239919129193	7.142515550273608
A17C_Medtr5g006360_rep1	3.286831874575128	3.870529119907312	3.167839602120893	3.4056293718664263	3.059586016527891
A17C_Medtr3g046670_rep2	0.0	0.2558028366027179	0.0	0.09671164107167696	0.0
A17R_Medtr7g095060_rep3	0.0	0.06855617003244341	0.0	0.03280614508324147	0.0
A17R_Medtr2g097770_rep2	2.4356285940520905	3.2152126349176333	2.1553174819517267	3.0120322559319423	2.5715150184443645
A17C_Medtr1g019750_rep2	0.26183165875213665	0.5243980586830743	0.0	0.4639711444767663	0.24448118064543506
A17C_Medtr4g113530_rep2	3.1421411028015047	5.062985135861326	2.1260918210909105	3.3121326797867328	2.696587392645486
A17C_Medtr1g095550_rep2	0.40671806142196826	1.1313699795668313	0.0	0.7510351766678621	0.27421195514527924
A17C_Medtr4g113360_rep2	0.0	0.6037549084815219	0.0	0.3223127622782265	0.0
A17C_Medtr1g086980_rep1	5.104364618750036	5.31866632411602	4.952923695567182	5.236301266827087	4.840765337323874
A17R_Medtr5g077280_rep1	5.151737072022282	5.197288785098455	5.082149041353872	5.1684815845726435	5.0796909953668745
A17R_Medtr1g054365_rep3	1.3842340472705892	1.9730601728040842	1.356895018282284	1.6255822212343525	1.2841192529787748
A17C_Medtr8g103500_rep1	0.8191231532516323	1.2910141014173029	0.6002697535090047	0.9406052881801912	0.6825732973475784
A17C_Medtr1g058390_rep2	3.721664304505536	4.205470714200692	3.481126689736616	3.9532031462200297	3.7399200916737136
A17C_Medtr4g079850_rep2	2.6438561897747253	3.320484678017693	2.553770068999083	2.949161371378237	2.6841454723745315
A17C_Medtr1g021230_rep2	0.17334067641074494	0.6587065802457066	0.0	0.17844907374885086	0.0
A17R_Medtr7g117530_rep1	2.714355433101084	2.9546926361992485	2.4903134003021146	2.8746658356458124	2.655886061183328
A17C_Medtr7g029065_rep1	5.410759432757242	5.6861269655444415	5.378049146878271	5.605079434185049	5.2371812739072805
A17C_Medtr3g084220_rep1	1.3037320487883866	1.909581115979684	1.1669296376831528	1.7132559017309736	1.0496307677246008
A17R_Medtr2g088950_rep1	2.3118905721755505	2.7670191097314065	1.6424705373158217	2.401175343378061	1.6547410347673217
A17C_Medtr1g045960_rep2	0.0	0.2404161031717751	0.0	0.08949815083910265	0.0
A17C_Medtr5g059920_rep1	3.0699312567521666	3.660951428260117	2.5397791916984938	3.43616183931445	2.8449881566826116
A17C_Medtr3g084200_rep1	0.3060677671197664	0.8578483274148584	0.0	0.8707921214650343	0.0
A17C_Medtr1g045490_rep2	3.966491993418464	4.150749207392628	3.7675841800116836	4.016763724989338	3.815575428862573
A17C_Medtr4g057845_rep2	1.280956313831056	1.7936878365407465	0.918895031856273	1.439179845176647	1.1799356220935528
A17C_Medtr8g019320_rep2	6.064358354077964	7.051705617509693	6.127254949101371	6.4562969115265085	5.931289082606693
A17C_Medtr1g043840_rep3	0.0858778351604055	0.18396283484259515	0.0	0.18903382439001712	0.05473273267842591
A17C_Medtr3g080000_rep2	2.349082146391089	4.1517505997190485	1.4384702939311191	2.8316070482812687	2.007673927885421
A17C_Medtr5g026580_rep2	2.051372101721026	2.981121989794311	2.0580855535315994	2.436872526541082	2.0558897581962827
A17C_Medtr8g064720_rep2	0.12873331412220276	0.2558028366027179	0.0	0.20664322398339527	0.0
A17C_Medtr8g031650_rep2	0.5459683691052926	1.5101179911802587	0.4157586665224981	0.7510351766678621	0.3535114974172748
A17C_Medtr4g021095_rep2	1.1123665230725632	1.9071470519314568	0.9995190214854972	1.6424705373158217	1.1490425329988931
A17C_Medtr8g006950_rep2	4.312495765040083	4.56835645167932	4.116253844138133	4.383105204893363	4.194953795933835
A17C_Medtr6g081930_rep2	3.994700396294852	4.319208457430458	3.4058562499497214	4.1146446531720215	3.613492363302301
A17C_Medtr1g035720_rep2	0.20997316208238007	0.5129853348136765	0.0	0.3223127622782265	0.0
A17R_Medtr8g016220_rep3	2.4350062253685887	3.1300522491897373	2.3173040683619157	2.6048620581588606	2.373509015518007
A17C_Medtr0198s0030_rep2	0.20997316208238007	0.6587065802457066	0.0	0.28885069763793103	0.0
A17C_Medtr4g127530_rep2	0.8854442100981736	2.141323788999518	0.0	1.1368476041928808	0.6632687060276008
A17C_Medtr3g006790_rep1	4.291971846149607	4.416727167683058	4.1699784336024965	4.331036351017745	4.253308589152395
A17C_Medtr8g099495_rep2	4.325098537767492	5.181778407186101	3.826565435150732	4.407375413466615	3.9430773984563654
A17C_Medtr4g107400_rep1	5.87974660286015	6.431288654291593	5.805369851327287	6.0364667017727855	5.835587271395163
A17C_Medtr3g117590_rep2	0.9084286501687868	1.664937877441752	0.4576818366873375	1.2970935702474702	0.5849625007211562
A17C_Medtr0549s0010_rep2	0.8965947799874341	2.2069557323872795	0.5482722056359876	1.6629650127224291	1.0370307309449671
A17R_Medtr3g461480_rep1	1.2690331464552371	1.7741369318108495	0.9488499961065108	1.722903138560449	1.0690146779151806
A17R_Medtr3g022730_rep3	0.2590213433271706	0.3983503703459648	0.17163384978055846	0.41106462270392025	0.1809965053245986
A17C_Medtr5g089850_rep1	2.2126730888088453	2.8881749870511	1.8678964639926547	2.4820738202919417	1.8043289612858158
A17R_Medtr4g006140_rep3	0.5916794169357371	1.0489336451979223	0.5403579729932567	0.9323131924884254	0.4909123662539713
A17C_Medtr4g094505_rep2	0.8739444061297099	1.6577924213551205	0.0	1.0233736496265051	0.0
A17C_Medtr4g094705_rep3	3.841235150325456	3.972631391767652	3.598762193587586	3.867006857211152	3.644625422019496
A17C_Medtr5g087780_rep3	1.4032677223393013	1.6223056723908718	1.1296127381304693	1.4423685142959342	1.2432628596377286
A17C_Medtr8g432440_rep1	0.2265085298086797	0.736965594166206	0.0	0.3299846497584209	0.0926584917324306
A17C_Medtr1g071240_rep3	0.6723499049644512	0.7882680828668371	0.5756350451593986	0.6813742986989786	0.6328885960899749
A17C_Medtr1g081760_rep3	0.18353944671310315	0.7282833510664053	0.09536185612286018	0.326920788684638	0.0
A17R_Medtr4g127420_rep1	1.6638759009190929	2.169390570970971	1.6375329665809002	1.9753856202451665	1.34672055633865
A17C_Medtr5g022870_rep1	4.816326636919581	6.101474994719281	4.791900873306245	5.4114940399531575	4.529133785267363
A17C_Medtr5g007450_rep2	2.8881749870511	3.6751384505113633	2.7804500917697856	3.1803070199694328	2.3222166050454858
A17C_Medtr1g011710_rep3	0.5203803395650666	0.8903818364214541	0.4984210869889264	0.7145752388516258	0.2769928634237135
A17C_Medtr7g115240_rep1	3.4311326185801816	4.144753399790568	3.297778355158528	3.9341704900624435	3.5705843648917663
A17C_Medtr1g016880_rep2	3.334568275666133	3.498165750265292	3.2079448959782333	3.3605047463396858	3.2609289399568766
A17R_Medtr1g045800_rep3	3.93451650158608	4.188084370561152	3.803674794917544	4.045268215138533	3.939226577728209
A17C_Medtr7g032360_rep3	0.3792512772257831	0.6210555032997396	0.17887395816979546	0.5320675522890307	0.2694321770319445
A17C_Medtr3g056190_rep3	1.7101727482796616	1.9359625604063149	1.3862591411333465	1.8573175345314283	1.369233809665719
A17R_Medtr3g109270_rep2	0.12741317215951667	0.7116417383677749	0.0	0.5804671197030291	0.1304916263945616
A17C_Medtr2g041140_rep3	0.18353944671310315	0.3200032179628701	0.0	0.2363395391683736	0.04497690871838386
A17C_Medtr7g026240_rep2	0.2978761550460948	0.8169409708868022	0.0	0.39286691623079983	0.0
A17C_Medtr1g097320_rep1	0.5187029820445401	1.0257375614136082	0.0	0.913543688467523	0.4994419822131914
A17C_Medtr8g098460_rep2	3.170138718210482	3.4242054881508093	2.893685793818024	3.3589119538870085	2.836530121329404
A17C_Medtr8g030510_rep2	4.207866828768816	4.5151952009509655	3.9053188051004417	4.242526291816552	3.9643062080357616
A17C_Medtr7g077210_rep1	6.952158810747052	7.713993596538246	6.7129396313057015	7.304970328830963	6.766321295752507
A17R_Medtr4g069260_rep1	4.230510460366176	4.345514655259902	4.1149499825196765	4.332445384599857	4.191246789716267
A17C_Medtr6g039840_rep1	2.593034996181256	2.9993386131935362	2.514080167797632	2.8632777244949104	2.5903225627683306
A17C_Medtr1g021250_rep1	0.3542640770070525	0.6147883559946807	0.0	0.3939652756602425	0.0926584917324306
A17C_Medtr3g462430_rep1	1.1824804324683185	1.741143354955316	0.8329575070908091	1.263034405833794	0.7001437503400975
A17C_Medtr3g078550_rep1	6.114561370315601	6.595931265660071	5.744493020795112	6.145616322754647	5.835587271395163
A17R_Medtr5g093990_rep3	4.224117471159431	4.37123358068553	4.19925354263711	4.318581973954283	4.157528839906656
A17C_Medtr3g437820_rep2	0.20997316208238007	0.3910344568952871	0.0	0.30956426953623845	0.0
A17C_Medtr5g004960_rep1	2.8907709302452416	3.2606279081266987	2.7680784350164562	3.137722097349457	2.7347276820225206
A17C_Medtr5g083530_rep2	1.504366150612272	2.322697327132133	1.3226973271321332	1.668119124686432	1.1416507700852423
A17C_Medtr6g463330_rep1	2.6831724232037337	3.0208281170008946	2.443164581595984	2.779399815055035	2.3163388612335933
A17R_Medtr3g117690_rep1	0.0	0.02526508882353685	0.0	0.012449486833493844	0.0
A17R_Medtr2g024080_rep3	0.4204374870214337	0.8501326508989411	0.3751784795896124	0.5724046473903315	0.34369206917901896
A17C_Medtr8g101260_rep2	0.14143279092929553	0.5820742213963295	0.0	0.2761988650322418	0.0
A17C_Medtr3g415610_rep2	0.2978761550460948	0.5330649218696377	0.0	0.2525771336582473	0.0
A17C_Medtr7g109530_rep1	4.8071144528444645	5.17786465327833	4.419561363224143	4.777542455542598	4.520673676732187
A17C_Medtr4g116140_rep2	4.725686631851519	5.372069871792807	4.2930270846660505	4.714996439623096	4.392821133102704
A17C_Medtr4g133970_rep2	0.7891032175013815	1.6470842126289535	0.7057567820497971	1.2003787979840264	0.5849625007211562
A17C_Medtr1g033540_rep3	0.2252749298695693	0.30412159787699306	0.14752379230878818	0.2590213433271706	0.11636475669178464
A17R_Medtr2g035050_rep1	0.5011418705221344	0.7404239139386172	0.23674771431351785	0.7404239139386172	0.3497426994514055
A17R_Medtr4g009090_rep3	0.09985623683206657	0.377401430785794	0.12212049105054995	0.2330699739369385	0.03890436113154222
A17R_Medtr8g097390_rep1	4.546750440360179	4.960805137002332	4.252122940200434	4.725468512632613	4.5178005959044345
A17C_Medtr5g067400_rep2	0.5133222950022662	1.5401926306011338	0.0	0.7868751166092643	0.4573316254850136
A17C_Medtr7g089910_rep1	3.3040729099927812	4.0757037592193806	2.9236563011914067	3.3941482542946293	2.9924058990316507
A17R_Medtr2g086277_rep3	0.0	0.4973994688363177	0.0	0.2562055428274929	0.0
A17C_Medtr8g071280_rep2	4.5703819694367	5.1117129805740085	4.338638342823032	4.927280190866623	4.334019962621924
A17C_Medtr6g013270_rep2	0.0	0.4125105712498047	0.0	0.15488560197817128	0.0
A17C_Medtr7g107330_rep1	1.3140197260402002	1.7871538174776842	1.1375035237499351	1.5964581395589854	1.2060180040208954
A17C_Medtr1g107330_rep1	4.245064595057486	4.794433195916187	3.8901872501506105	4.384349185620774	4.113894934330672
A17R_Medtr8g023750_rep3	3.392088405389457	3.632655984629892	3.3457748368417297	3.561611266126804	3.4435624505828013
A17C_Medtr3g056615_rep2	0.17334067641074494	0.6294731967869488	0.0	0.2646365104302954	0.0
A17R_Medtr0190s0020_rep2	3.2031489405674645	4.1882690355266385	3.1378860058203184	3.7716391234664775	3.0995757478565764
A17C_Medtr6g087000_rep1	3.658249573207128	3.8870377914191967	3.5158049488477032	3.854228428425212	3.6923899994088014
A17R_Medtr4g028110_rep3	1.1780240641594204	1.9541963103868751	0.905094123743155	1.933446743148514	0.8010206585766494
A17R_Medtr3g117370_rep1	0.07130503407313299	0.1881898962928961	0.0	0.19660704409481766	0.05055974073859759
A17R_Medtr4g126970_rep3	2.3191361847580487	3.2222378385864148	2.069587607925844	2.7097317594206918	1.8425095863651324
A17C_Medtr8g085210_rep2	5.0133580365860055	5.4187296767365325	4.454724258786265	4.907884110021	4.450111496656466
A17C_Medtr1g418545_rep3	4.42572783804503	4.590342525754153	4.280882099214363	4.481298941547567	4.219865493307409
A17C_Medtr8g080860_rep1	2.9512769428515404	3.3389472939988427	2.548436624696042	3.028569152196772	2.7070093454284514
A17R_Medtr7g063960_rep2	0.05565842731454165	0.21495370226785795	0.033746011592631395	0.15142589998230446	0.02998286621571431
A17R_Medtr2g064950_rep1	0.3184614651675829	0.569167000069026	0.2754044294169639	0.4895429356424735	0.3595211704275953
A17C_Medtr4g020900_rep1	3.33232602832991	4.067179771415509	2.629861717792417	3.315034806438523	2.9369048619622435
A17R_Medtr5g092220_rep3	2.4068994298351667	2.677620992453587	2.1017621170249368	2.3846945455479482	2.097498432823968
A17C_Medtr4g125600_rep2	4.059557176182033	4.655924213083813	3.5751509463770845	4.725686631851519	3.8086939458592624
A17R_Medtr8g015960_rep2	0.5652722079418502	0.7592978942642625	0.41106462270392025	0.7846435693106816	0.4247429715625109
A17C_Medtr0015s0060_rep1	0.2533842358000745	0.6449330001127379	0.0	0.4464326955543782	0.1016500760944348
A17C_Medtr4g094962_rep2	2.758871670899828	3.4203027333708644	2.7141355938563327	3.1611890016572373	2.603992226377748
A17R_Medtr1g042820_rep2	3.891321966923478	4.551680067438111	3.4664096009998686	3.9117874388233655	3.52640273020649
A17C_Medtr1g016010_rep2	1.5659220705838697	2.223113588580102	1.3523818914290764	1.6629650127224291	1.371651786836071
A17C_Medtr5g047120_rep3	0.2252749298695693	0.3508743729628689	0.12961273813046964	0.3052896144359125	0.18945560338465667
A17R_Medtr5g075020_rep1	2.098958480088169	2.587605020059532	2.0114956388378293	2.2845141332442456	2.0729061226696817
A17C_Medtr3g105980_rep2	3.0114956388378293	3.391080296756785	2.54052329643822	3.4256383325053488	2.8095516412348025
A17C_Medtr4g087750_rep2	3.952954748312927	4.839018976895393	3.5285296459684634	4.191009848587294	3.769736482341593
A17C_Medtr4g123930_rep2	2.767442933189475	3.2125174610737504	2.7477454329194493	2.9936139840468834	2.8109228941095306
A17C_Medtr4g071860_rep2	0.6702360656985336	1.5401926306011338	0.0	1.0325710827542671	0.0
A17C_Medtr8g103490_rep3	1.2841192529787748	1.5233946773692622	1.0379678501990208	1.4840521771940245	1.2188844720009968
A17R_Medtr4g108050_rep2	0.11725175028928456	0.5052134490690507	0.0	0.3722092065252343	0.039840264531791104
A17R_Medtr8g070680_rep2	2.6114871727663727	2.7151612238478577	2.5077523628014893	2.706567388402359	2.5192902790365257
A17R_Medtr1g070145_rep1	2.6251145981820523	3.1997508567158373	2.624256895389608	2.9398534276363497	2.6030427204755058
A17C_Medtr1g063420_rep1	4.285944668850688	4.696420473084085	4.221490455042055	4.486113661289801	4.098986543444247
A17R_Medtr8g092000_rep3	2.2451913930643084	2.591280474632808	1.812292844873271	2.3025627700204314	2.034567892818214
A17R_Medtr6g003960_rep3	1.6235547590843884	1.7711813095041191	1.38883242893145	1.677320305699499	1.348043522997968
A17C_Medtr4g131800_rep2	3.1074646973685516	3.505509886005185	2.9712216418545023	3.2986094429534947	2.9334467431485147
A17C_Medtr3g097250_rep1	3.0591821992116923	3.3527585250406364	2.732341567640759	3.1448077723777152	2.5243144702221514
A17C_Medtr7g028557_rep2	1.8562553625409568	2.5703819694367005	1.7527485914071337	2.305678743242288	1.8482640475687475
A17C_Medtr1g100763_rep2	0.3718376173304205	1.1168083216578888	0.0	0.8859647567539704	0.0
A17C_Medtr4g022570_rep1	5.484095154837977	6.7239953447151874	5.260013106367548	5.969296335092813	5.205483747323754
A17C_Medtr5g039980_rep2	0.19198369113593133	0.4898854151790112	0.0	0.3341868625665182	0.0
A17R_Medtr8g432420_rep2	0.0	0.12432813500220175	0.0	0.049630767724600434	0.0
A17R_Medtr4g104040_rep1	2.479403039542472	2.8849234755533075	2.465626260787689	2.6407751527449035	2.4584695012019138
A17R_Medtr4g088245_rep3	1.9704855729401225	2.1730208001947595	1.7666658283816261	2.197446064206217	1.7925777508528988
A17C_Medtr3g099090_rep2	4.182692297516192	4.363941990909407	4.179006708893676	4.2689832598721	4.168882678584204
A17R_Medtr3g080530_rep3	0.7151612238478579	1.0888200332985851	0.5307366527104304	0.9913177569001992	0.4276061727818993
A17R_Medtr3g062950_rep3	0.6666051198870908	1.271624874580084	0.5307366527104304	1.0761029790857917	0.7638364588909514
A17R_Medtr5g061610_rep1	1.8287669633838808	2.490655697009548	1.7277026728372382	2.3836812552435607	1.2845141332442451
A17C_Medtr4g012000_rep3	4.209791254626047	4.336283387864432	4.0798616309058255	4.231816379663838	4.136218734660035
A17C_Medtr7g406970_rep2	2.0772429989324603	2.258317908263868	2.0107798387532423	2.129063160949282	2.06085442131325
A17C_Medtr3g072140_rep2	1.3228895711248074	1.9797814781930485	1.0360930025785835	1.383312609517551	0.8945267702573945
A17R_Medtr1g114570_rep1	1.5665716406267605	1.7810099268722277	1.3209659774519786	1.6638759009190929	1.34672055633865
A17R_Medtr4g113080_rep1	0.039840264531791104	0.10433665981473553	0.029511782116544538	0.08451787115627016	0.017684407784216472
A17C_Medtr4g053430_rep2	2.7013272574129408	2.9204203483411484	2.4947569353037764	2.726322624612338	2.5818332702407147
A17R_Medtr0004s0600_rep3	3.8695753371461534	4.0005108640334806	3.801193153410588	3.898917753092949	3.7992600322090064
A17C_Medtr6g027630_rep2	3.2311763708515224	3.6316475680212856	2.906377546157561	3.4773319373216447	3.0267410522048737
A17C_Medtr1g054365_rep1	1.7779281419447042	2.5596549586355963	1.5434958834257717	2.3315141437165603	1.6615976011759026
A17R_Medtr2g016170_rep1	0.33266020100512633	0.6091245513951462	0.21246558143115704	0.42259183541711737	0.3010022560328143
A17C_Medtr4g023260_rep2	3.2960657830490985	3.9399787649407054	3.3184132588342434	3.529612750404388	3.1954000971865426
A17C_Medtr6g017240_rep2	0.12873331412220276	0.4019944618032451	0.0	0.3807294485035485	0.0
A17R_Medtr7g088200_rep3	0.18692307779420966	0.33989749823584603	0.04077556118749163	0.24366908096686266	0.1379406378392928
A17C_Medtr7g056670_rep3	0.6571826601284232	1.3961594890731546	0.3493652775942134	1.1837511563093286	0.7550299835265678
A17R_Medtr8g083220_rep2	0.6948059208724386	1.1632840295455402	0.3087880009994096	0.9391011750560548	0.5505723690400334
A17C_Medtr4g098870_rep2	2.092996689438426	2.8901223822276263	1.9802690810843442	2.5708676708353697	2.176322772640463
A17C_Medtr4g065030_rep1	3.308642404137137	3.7091803337208655	2.9627957745448	3.3289321812666217	3.1236661964538195
A17C_Medtr5g040040_rep2	0.0	0.7538897384240274	0.0	0.3006118636502701	0.0
A17C_Medtr4g007190_rep2	3.0932784603111587	3.257714690816381	2.9532031462200297	3.1826922975161898	2.9145007424624785
A17R_Medtr2g104410_rep2	1.815302165287385	2.072220159407267	1.6367599423750352	1.918004518597875	1.4368725265410824
A17C_Medtr2g010300_rep2	0.0	0.2465094321265421	0.0	0.119466851355321	0.0
A17C_Medtr4g081650_rep1	0.1340018350383824	0.3153730079198265	0.0	0.2710271965873244	0.13575374179997518
A17C_Medtr8g083130_rep1	0.991075836040927	1.4409521980296367	0.8439838440483266	1.1433934186931878	0.9825829469225904
A17R_Medtr3g040440_rep1	4.778120946486991	4.962718669196457	4.6973846307640255	4.957326507834637	4.6750631552402995
A17C_Medtr8g022380_rep2	0.28095631383105635	2.3267290811511843	0.0	1.2892442851566424	0.24448118064543506
A17R_Medtr5g015290_rep3	0.4052662927048557	0.7846435693106816	0.3751784795896124	0.5430008774024255	0.22897256976016075
A17C_Medtr8g069390_rep2	0.8739444061297099	1.3486101375398678	0.8700029729135559	1.2068515704406697	0.6717462668632227
A17C_Medtr8g075350_rep2	0.0	0.5512288855659879	0.0	0.2396017113686711	0.0
A17C_Medtr8g091410_rep2	0.3895668117627256	0.7921612484083307	0.0	0.6285403192627603	0.0
A17C_Medtr1g059610_rep1	4.514900747636644	4.714080628810478	4.310849046224615	4.599357471234041	4.418752161054821
A17R_Medtr3g089880_rep1	2.3358071722994915	2.5333141565667923	2.3333283142310672	2.4342946179599254	2.303634645079009
A17R_Medtr3g030080_rep1	2.7013272574129408	2.9010438642893686	2.5890443567677672	2.7469576424136477	2.6429325693584858
A17R_Medtr3g005210_rep2	0.07587486697512763	0.4372277389129096	0.0	0.24123003551544536	0.0922074380970889
A17C_Medtr4g063705_rep1	4.543021506044707	4.812618017101308	4.238735916066183	4.572242937471327	4.113894934330672
A17C_Medtr7g058370_rep2	0.6577924213551203	1.0699312567521666	0.0	0.7421499700259294	0.0
A17R_Medtr1g102670_rep2	0.0	0.13881446890228188	0.0	0.05889368905356863	0.0
A17R_Medtr5g029750_rep2	0.02856915219677092	0.06396305873196513	0.0	0.03327615487429865	0.0
A17C_Medtr2g437910_rep2	6.136642568159268	6.463197379833495	5.692203991615852	6.219103968904357	5.700097499885957
A17R_Medtr7g029350_rep3	1.9294122879012527	2.4225918354171165	1.87394440612971	2.261931925982318	1.5145010362742848
A17C_Medtr4g063935_rep1	4.213528741395448	5.25198413034041	4.056699124299357	4.825344680077965	3.9671071102696382
A17R_Medtr6g017175_rep3	0.0	0.33989749823584603	0.0	0.15618085423416014	0.0
A17R_Medtr2g034720_rep1	5.598752270212232	6.00137441382076	5.293689282032544	5.871030425220482	5.41779626836877
A17C_Medtr1g080680_rep2	0.17334067641074494	1.0410092906397468	0.0	0.8095516412348025	0.0
A17C_Medtr6g043510_rep2	4.488772059299853	4.904243227203662	4.408077769078981	4.634941703428948	4.4804159335457285
A17C_Medtr2g007930_rep2	5.361744969232124	5.818594958775655	5.117999727188646	5.512816825201749	5.329566146289547
A17R_Medtr8g092890_rep3	0.7731523970140524	0.8501326508989411	0.7288637956692416	0.8351156152582179	0.7638364588909514
A17R_Medtr6g078190_rep2	0.6421624337287695	0.9353340172687254	0.5951853604372723	0.727412246053995	0.5581043316569099
A17R_Medtr4g019560_rep2	4.219865493307409	4.593692392045315	3.790980504742052	4.417289951010223	3.442014565559888
A17C_Medtr1g008120_rep1	4.8078529093883775	5.183976063719745	4.438359395018696	4.82179523698955	4.603992226377748
A17C_Medtr7g405940_rep1	2.321639527021436	2.7680784350164562	2.136738255267912	2.4274273890849254	2.005759269288685
A17R_Medtr8g466800_rep3	1.6697826969080567	1.8455904088478547	1.6129028906325815	1.84089958522244	1.5449798832558037
A17R_Medtr7g094790_rep1	3.18083742256397	3.449297241503584	3.0325123111872605	3.3772163156202244	3.1267526479018635
A17R_Medtr1g103530_rep3	1.1267526479018637	1.5053828490623045	1.0545012161825609	1.3525702205254715	0.9784397198676476
A17R_Medtr6g048440_rep3	2.361394070912478	2.58295736483078	2.2781830422682434	2.5236455881280424	2.1492593654996237
A17C_Medtr7g445250_rep2	0.0	0.5932740838836491	0.0	0.2525771336582473	0.0
A17R_Medtr6g042230_rep3	4.385016806906648	4.999609217172195	4.070904484133576	4.481492700255083	3.8320123186732458
A17R_Medtr7g095340_rep1	0.14839183989267116	0.2912106137163042	0.05658352836636753	0.2041407167802252	0.14317570269777136
A17C_Medtr3g061900_rep2	1.3410369178350672	2.1632840295455398	0.8978857823473092	1.4678011564884073	1.0651127081998373
A17C_Medtr7g089520_rep2	2.6346707057148167	3.317448793751101	2.407896548749528	2.9327541235847567	2.240721381615705
A17C_Medtr2g090525_rep1	1.996027123425076	3.5683969899161374	1.7537471443996078	2.5081750810326735	1.5025003405291837
A17R_Medtr4g094328_rep3	0.14795788138710142	0.2408231267436352	0.10030490579568548	0.2248634953762949	0.07906515899899046
A17C_Medtr0006s0140_rep2	3.2501025708041262	3.93451650158608	2.6884787906179617	3.4763384795215617	2.608809242675524
A17C_Medtr2g022100_rep1	3.0366205497807233	3.901076054011044	2.193035754947513	3.1590909270227256	2.455403942787067
A17C_Medtr2g015860_rep1	2.7759635729637155	2.9156483698314632	2.61329589917267	2.8062553068817406	2.592795868849972
A17R_Medtr5g027020_rep2	3.4178300165421924	3.5732937280901846	3.2495970360589967	3.4494733356163882	3.283576116074512
A17C_Medtr3g091080_rep1	4.550798080295015	4.951743195683188	4.4911262224143496	4.831252343275487	4.511826433544981
A17R_Medtr6g010890_rep3	0.0	0.05935527761642124	0.0	0.02290040211007883	0.0
A17C_Medtr6g086780_rep2	0.17334067641074494	0.3504972470841332	0.0	0.3223127622782265	0.0
A17C_Medtr3g106900_rep2	6.41677219842908	6.582375353761048	6.358730310713919	6.461179280923567	6.247927513443584
A17C_Medtr3g012050_rep1	2.2475224895664474	2.7438739635083844	2.101201825340203	2.4879150466568007	2.279867449979596
A17R_Medtr1g076250_rep1	0.0	0.019583315647554632	0.0	0.008152195763459078	0.0
A17C_Medtr7g007080_rep1	1.7445916865423838	2.112144073755818	1.212673088808845	1.6535186707535998	1.3246186152585275
A17R_Medtr7g029275_rep3	3.838783728393616	4.309467258808239	3.632229432853483	3.826056912730895	3.5958616641542482
A17C_Medtr1g062190_rep2	1.8659188145522123	2.269332429734163	1.7172102990195959	2.242246805619473	1.845188935340077
A17C_Medtr5g025170_rep2	1.4466091396371383	1.859704566120752	1.0164963198961956	1.8066677607962736	1.4284997590854065
A17R_Medtr6g018370_rep2	0.05565842731454165	0.2509615735332188	0.0	0.12123648670862107	0.01673401575980127
A17C_Medtr5g085200_rep3	4.5892241729304715	4.792699208086035	4.485298009362139	4.692817726342299	4.416029011326228
A17C_Medtr4g064887_rep1	3.49552462121588	4.156072960950567	3.2454956628199207	4.142794620629699	3.4259515776030054
A17R_Medtr5g005150_rep2	3.2152126349176333	3.5342691575641036	3.1920363125515405	3.3077199493000737	3.1705660567920684
A17R_Medtr0006s0080_rep2	0.5284046200386481	0.7372541043243297	0.4207967685675287	0.6768691580309804	0.5001221779074931
A17C_Medtr1g073660_rep2	2.02290040211008	3.002822514976989	1.3790663992809042	2.037147904146322	1.5833586150185663
A17C_Medtr4g050590_rep2	5.2776004732208985	6.271836492840679	5.1684815845726435	5.691282899708398	5.198598920716641
A17C_Medtr7g056403_rep2	2.4373165283421705	2.9167950850175086	2.152507948364903	2.679123486904	2.459606480166012
A17C_Medtr7g105510_rep1	2.081225989151625	2.740567830846402	2.0499792027077914	2.2727199748948728	1.934830985519944
A17R_Medtr1g083850_rep3	0.1609201881811032	0.2602264346189209	0.12212049105054995	0.2330699739369385	0.12917309313517647
A17C_Medtr7g019230_rep3	2.4116974035208707	2.618786806891772	2.425996321351079	2.5458860211478003	2.327304127345293
A17R_Medtr7g116750_rep3	2.8594395353418505	3.23786960086751	2.5300707422250834	2.919784995778412	2.655580809652776
A17R_Medtr1g072140_rep3	2.7834566543602395	3.0393138935776185	2.4951834779083346	2.7929941330889574	2.521720822858615
A17R_Medtr3g085060_rep1	1.7298790121259349	1.9510903995190536	1.6165145372469822	1.9282755616119351	1.4852550675366216
A17R_Medtr1g027520_rep2	0.2375637183176757	0.4506614090095652	0.15833702716710066	0.4390024900788897	0.02998286621571431
A17R_Medtr2g099095_rep2	2.5428358376446654	2.689299160535892	2.5356382731240097	2.6369918931310568	2.535804138270305
A17R_Medtr2g072380_rep3	1.94310866385758	2.780869988461826	1.3755492093978685	2.1183597259530567	1.6441639318921224
A17C_Medtr7g032370_rep2	0.0	0.4657133195959639	0.0	0.2281516906251329	0.0
A17R_Medtr5g087370_rep2	0.01197264166607594	0.0445106960657926	0.0	0.03327615487429865	0.0
A17R_Medtr3g073140_rep2	4.532774093626743	4.634941703428948	4.396045289467227	4.588864518190149	4.468691916881988
A17R_Medtr4g109320_rep3	0.13619138628714406	0.3692338096657191	0.0	0.2789759497028154	0.1665012204444029
A17C_Medtr5g030280_rep1	0.32845353256414944	1.0365619429503017	0.0	0.6983666673304851	0.3157594268429587
A17C_Medtr6g015795_rep1	1.0257375614136082	2.337996463515016	0.5782141654724542	1.2519715105999356	0.8114710305298359
A17C_Medtr7g018090_rep2	1.3021727997407522	1.8748625265558247	1.144481506112507	1.8066677607962736	0.9020092436492504
A17R_Medtr8g005010_rep1	0.08814159686901757	0.3196179342001613	0.04730571477835682	0.16135026570430275	0.05981671854179721
A17C_Medtr1g492880_rep3	1.9125221305980464	2.1855494346295674	1.7856202960065524	1.9503439848912685	1.8446534634805802
A17C_Medtr8g011170_rep2	1.4184598375809911	1.8379432418910269	0.9918014769519692	1.6774706569101911	1.1557492326779446
A17C_Medtr7g090570_rep2	3.791605724704552	4.397962644127016	3.4583820041560127	3.800572075463178	3.4991017640673183
A17R_Medtr1g041300_rep2	3.283378561037965	3.6823111015272416	3.2182128623298984	3.5739399882682523	3.0059987406214432
A17R_Medtr3g069170_rep1	2.4890290638504373	3.887785192378338	2.1282934010098176	3.653977178636337	2.180572245641821
A17C_Medtr4g108240_rep1	3.4029949753792508	4.06861349148748	3.315034806438523	3.716442236843321	3.1738203577927058
A17R_Medtr1g099630_rep2	1.3664387909531546	1.791883513295164	1.0660317686168967	1.8465267461192576	0.9864716151553532
A17C_Medtr7g079900_rep1	3.892650072471695	5.1809832490978565	3.825141120434948	4.764898122814709	3.692910693680306
A17R_Medtr6g015950_rep2	2.802262161293988	3.5305285886997884	2.1213470168784423	3.13224779829844	2.668573016475889
A17C_Medtr5g005380_rep1	4.455491620628468	4.606343518197535	4.2978517056957415	4.518052481378742	4.300074901575697
A17R_Medtr6g071680_rep3	0.4857702851032743	0.8070800968275342	0.2440751879479788	0.7355221772965375	0.1574749446551094
A17C_Medtr4g065023_rep1	2.6403895600549454	3.1534810985137005	2.3692338096657197	2.879509734616671	2.0686708106650986
A17C_Medtr3g107890_rep2	0.6403124291484129	2.113033665299892	0.5482722056359876	1.3727664109251658	0.5377102181029836
A17R_Medtr3g091620_rep1	0.33266020100512633	0.6626612554750942	0.25419088666866513	0.430106820996492	0.2285621885766544
A17R_Medtr7g106970_rep3	1.7053144410863783	2.3215433249048467	1.4462562298895638	2.1028820480242683	1.6759664392357194
A17C_Medtr4g083620_rep1	0.2801644943595388	0.8062553068817407	0.0	0.7438739635083839	0.1016500760944348
A17R_Medtr4g105430_rep3	1.1850207618833937	1.3608324560189042	1.0545012161825609	1.2083091537769262	1.1018741492549209
A17R_Medtr3g110400_rep3	0.0	0.2602264346189209	0.0	0.1252102475585056	0.0
A17C_Medtr1g066620_rep2	1.512985334813676	2.101201825340203	1.2302030133664217	1.7428685510244426	1.5030094371789011
A17R_Medtr2g012550_rep2	1.3223127622782265	1.9285282448669616	1.1626397295537871	1.423847054598434	1.2041407167802252
A17R_Medtr3g006740_rep3	0.3338053486039911	0.5247323641047739	0.16349873228287928	0.4970587686243462	0.2896377653284226
A17C_Medtr8g079040_rep1	4.0582298966508	4.3562377326263295	3.7278841598917953	4.25746327575538	3.976577488270263
A17R_Medtr3g437820_rep2	0.04544297076116712	0.13881446890228188	0.0	0.05889368905356863	0.0
A17R_Medtr5g039690_rep3	3.38395767773348	3.6736317979375976	3.3228415125281945	3.660114774638515	3.2177477185701866
A17R_Medtr2g099400_rep2	0.1366288980542238	0.18987725910617026	0.08043027032073509	0.1596291858212278	0.08361051575473298
A17C_Medtr1g098530_rep2	5.508185647401674	5.827929085181563	5.370722275148166	5.657811472241392	5.491671412181209
A17C_Medtr2g029093_rep1	0.8710550750866295	1.906249255281936	0.5688428353578793	1.5703010033036768	1.0009614762374448
A17R_Medtr1g067260_rep1	1.607231664562189	2.0272720295911206	1.1538053360790357	1.9252399054874103	1.4749118875602565
A17R_Medtr8g066220_rep2	4.070246196283473	5.889797998855628	4.171980712406609	4.9442181468489235	3.5563067842249767
A17R_Medtr6g016820_rep1	4.962718669196457	5.585373209592991	4.571150921156338	5.467138160733304	4.898772676803372
A17R_Medtr4g028930_rep2	2.6349029925862526	2.8230699654094966	2.39716405600406	2.675966439235719	2.5236455881280424
A17C_Medtr6g082810_rep2	0.11503324294624008	0.5001221779074931	0.0	0.3223127622782265	0.0
A17C_Medtr6g076110_rep3	0.2252749298695693	0.36363834677219947	0.17887395816979546	0.3376159557874007	0.2469147404705168
A17C_Medtr3g024150_rep1	3.007554336138273	3.25479557897548	2.941544563180853	3.2477756428143723	2.7968053808804823
A17R_Medtr4g106960_rep2	4.008988783227255	4.377077463656796	3.864301720743268	4.293713802024741	3.8845653614928697
A17R_Medtr7g099540_rep3	0.3338053486039911	0.8291730322632951	0.11058596741194354	0.5629953806659449	0.07906515899899046
A17C_Medtr4g013245_rep2	0.9733051333345799	1.6058103678167277	0.6927247530130867	1.3196179342001613	0.7119353569789217
A17R_Medtr1g107155_rep1	0.0	0.3580210974659457	0.0	0.19660704409481766	0.0
A17R_Medtr1g034190_rep2	0.01197264166607594	0.026682042652505386	0.0	0.02242699930324244	0.0
A17R_Medtr2g101980_rep1	1.6437022940957813	2.221773990931512	1.533231083118412	1.9423581071558909	1.4938180974293822
A17R_Medtr6g042530_rep3	6.556271014820862	6.7239953447151874	6.4690556669106885	6.609538289537298	6.526240998065628
A17C_Medtr0929s0020_rep3	0.0	0.2525771336582473	0.0	0.09895848008816878	0.0
A17R_Medtr8g042750_rep2	2.845724208527143	3.019939082787796	2.696068023909067	2.9743457518193566	2.765393298738873
A17C_Medtr4g092510_rep3	0.07267750448666825	0.14969293275784887	0.0	0.09895848008816878	0.03703073094496703
A17C_Medtr5g040440_rep1	0.2533842358000745	0.5766027556758756	0.0	0.413233002432096	0.13575374179997518
A17C_Medtr8g106820_rep1	5.488772059299854	5.747244161463473	5.335700002130791	5.6107492691323335	5.346472364972801
A17R_Medtr7g028780_rep3	2.028569152196771	2.5247323641047736	1.2876692904140938	2.1791925393880245	1.6283847810122851
A17R_Medtr7g067000_rep3	0.6024885533061698	0.969626350956481	0.2334790750430085	0.6341285575250407	0.22897256976016075
A17R_Medtr6g082980_rep3	0.07496205768122191	0.377401430785794	0.05704585653596705	0.24366908096686266	0.11236652307256316
A17R_Medtr8g098605_rep3	0.3338053486039911	0.4555792931416906	0.2860925743654733	0.4027221768456048	0.18692307779420966
A17C_Medtr6g087140_rep2	5.394879936846582	5.849632369419159	5.049688846066061	5.3669283102840595	5.09038769667402
A17C_Medtr6g083210_rep2	1.0138790774121291	1.6103850976010632	0.4799203508636983	1.2892442851566424	0.44819616605984175
A17R_Medtr1g009780_rep3	3.4852550675366216	3.7743126709168235	3.4368725265410824	3.6734056642804207	3.5098647164555152
A17C_Medtr8g027840_rep3	2.4186397359590392	2.6056523594883414	2.305386906477686	2.49552462121588	2.2313299988620563
A17R_Medtr1g109190_rep2	0.3215433249048472	0.5052134490690507	0.2416368295519453	0.35501626421954985	0.21371017823664692
A17R_Medtr8g086120_rep2	0.11725175028928456	0.4001735666468537	0.11592105530711275	0.24123003551544536	0.04590888229141981
A17C_Medtr4g015050_rep2	0.0	0.30022136559919504	0.0	0.15488560197817128	0.0
A17R_Medtr1g025060_rep3	3.301099837624444	3.670273840000843	3.183645305394656	3.430642110733962	3.243821384481482
A17C_Medtr2g042970_rep1	4.156072960950567	4.705590920081665	3.85409541516792	4.2538380324090745	3.9361196534126535
A17C_Medtr4g011450_rep2	1.3999913506641817	1.747888621350998	0.8896033338173185	1.4617031670423355	0.7204244057565297
A17C_Medtr1g484940_rep1	6.1946977667259375	7.147418641710397	6.138793994542637	6.7228029782786045	6.1706194652156166
A17R_Medtr5g032230_rep3	0.0	0.14056054480787164	0.0	0.0699312567521667	0.0
A17C_Medtr5g011440_rep2	2.944296247304268	3.481126689736616	2.726685923206811	3.200326479982864	2.8931032920551925
A17C_Medtr8g073115_rep2	0.28095631383105635	1.4329594072761058	0.0	0.9227053035689886	0.0
A17C_Medtr8g035750_rep2	0.11503324294624008	0.2746095560960909	0.0	0.119466851355321	0.0
A17C_Medtr6g037230_rep2	0.0	0.9428585216738772	0.0	0.45241972128192404	0.0
A17R_Medtr2g034950_rep3	0.08678376614206666	0.21163525332714947	0.02431967919541289	0.24366908096686266	0.0
A17R_Medtr1g040195_rep1	7.048730254325299	7.360440366047504	7.0204244152004325	7.180999819362253	7.040680597780166
A17R_Medtr7g105630_rep3	3.7688195001794176	4.215134960002231	3.567748241397456	4.158714026339987	3.71050340148579
A17R_Medtr1g047640_rep2	1.4650167019866351	1.838884553877278	1.4072620982737003	1.619334749997365	1.3858911536193272
A17R_Medtr3g073470_rep3	1.9089409708563048	2.3654125924909417	1.87394440612971	2.1028820480242683	1.9296647721582656
A17C_Medtr4g116880_rep1	0.6492322222326559	1.1249897699786635	0.0	0.7349444059468495	0.3157594268429587
A17R_Medtr4g126900_rep3	1.3064566861249225	1.9049657186840263	0.8248357271072633	1.677320305699499	0.6726516293283846
A17C_Medtr4g058890_rep2	2.9247966714745663	3.0719914324878994	2.77897949018825	2.982947955157526	2.758374251104913
A17C_Medtr2g040850_rep2	3.185390853146485	3.9917410208143074	2.9111163063782195	3.748103377355199	3.101481998382252
A17R_Medtr8g063110_rep1	0.14839183989267116	0.25942315228141505	0.0	0.17929871749595774	0.0
A17R_Medtr8g090285_rep2	0.810648747782646	1.0786098346963664	0.6421624337287695	0.911499848861108	0.5505723690400334
A17C_Medtr5g066760_rep1	1.3478546020206943	2.9675990149893634	1.1775989293277338	1.9758747108646104	0.7001437503400975
A17R_Medtr5g094005_rep2	0.01863417413905097	0.10075343526949533	0.0	0.05889368905356863	0.0
A17C_Medtr1g031280_rep2	2.958224023844014	3.663686179966083	2.206539039470558	3.502245724819921	2.6484654430273142
A17R_Medtr5g092210_rep2	0.29709357024746985	0.3535114974172748	0.2662368378721378	0.2990492368623653	0.2489395759480074
A17R_Medtr1g090913_rep2	2.431444673128675	2.601775739733545	2.305386906477686	2.4947569353037764	2.3696060700318378
A17C_Medtr8g038785_rep1	4.331036351017745	4.561835257058026	4.2599503567604735	4.539593105530914	4.2978517056957415
A17C_Medtr6g086735_rep1	3.945982185997464	4.2171790057942795	3.604980630960666	4.2069296926056605	3.8108543624114968
A17C_Medtr1g098740_rep2	0.20997316208238007	0.4792305612063362	0.0	0.2396017113686711	0.0
A17C_Medtr8g052160_rep2	0.0	0.2919963953484143	0.0	0.1309308698264487	0.0
A17C_Medtr1g106785_rep1	6.106585622093379	6.575882074644393	5.9339109269490455	6.219103968904357	5.96217881634138
A17C_Medtr7g106570_rep1	3.045501217931609	3.2101290645057676	2.9627957745448	3.153048668374564	2.872369124763857
A17C_Medtr1g010070_rep2	2.5727280128608974	3.260427185338077	2.0380849473169684	3.0220718452274595	2.5908015982041284
A17C_Medtr2g033460_rep2	4.047712869629617	4.393278899016206	3.9579145986329847	4.312084261514753	4.134084003208788
A17C_Medtr4g114050_rep2	5.3273640148111445	6.245356213814301	5.110140484919324	5.608198135857328	4.880881397237651
A17R_Medtr8g107430_rep2	2.7151612238478577	3.0820212693455025	2.6148668636017462	2.8612275489789014	2.38404980679516
A17R_Medtr2g100540_rep1	0.0	0.06166100775542682	0.0	0.026209879322848628	0.0
A17C_Medtr1g008120_rep2	4.553524343553652	4.852032139937688	4.484675227757103	4.8475626968781915	4.404380904247841
A17C_Medtr4g074660_rep2	0.0	0.2860925743654733	0.0	0.1309308698264487	0.0
A17C_Medtr5g071570_rep2	3.05067582031712	3.5641342434582373	3.029747343394052	3.2590213433271704	3.030748049952122
A17R_Medtr7g012120_rep3	0.07496205768122191	0.33989749823584603	0.05704585653596705	0.2330699739369385	0.03890436113154222
A17R_Medtr1g015620_rep2	2.929475413108154	3.0010816157254516	2.80639280462222	2.9602027752282565	2.848798181244189
A17C_Medtr1g084000_rep3	3.8405639420501614	4.0536326982820965	3.6830226650636826	4.042060604832904	3.809928865721431
A17R_Medtr2g031530_rep2	1.4295713325743011	1.7797499922554456	1.2511636175137872	1.5284046200386483	1.288260114956194
A17R_Medtr8g073130_rep3	4.19361406319095	4.626536481256638	3.7040973036556117	4.47058024724113	3.619804249933457
A17C_Medtr4g068580_rep3	2.7963208717826276	3.0670076292209045	2.7005137006051934	2.8586441507544587	2.7097317594206918
A17C_Medtr2g093430_rep1	0.17547137394895534	1.0426443374084935	0.0	0.5665716406267605	0.0
A17C_Medtr5g090660_rep2	0.0	0.444313681649476	0.0	0.1656440041144361	0.0
A17C_Medtr5g046240_rep3	2.8386828958630805	3.0795203396435267	2.791466810348767	2.9751410127435816	2.83774145224934
A17R_Medtr3g081150_rep3	4.279520820885745	4.809397293693623	4.052560805613125	4.49223776372054	3.6842202951342338
A17C_Medtr2g082660_rep2	1.5791801481271504	2.346342342929513	0.9453579939568822	1.668119124686432	1.3536996791224771
A17C_Medtr2g030400_rep2	3.6347094227907233	4.062898816715647	3.4557984511182167	3.893815206720953	3.668383912250889
A17C_Medtr4g014240_rep1	1.4409521980296367	2.487143299759264	0.7230488138310213	2.0765590951316044	1.5337294520706497
A17R_Medtr4g081225_rep3	0.042644337408493715	0.13136997956683108	0.0	0.08133962745193878	0.04684025420297235
A17C_Medtr7g116980_rep3	0.2817476989528691	0.3950627995175779	0.17887395816979546	0.3873625408359955	0.18945560338465667
A17C_Medtr0050s0010_rep2	3.1228935507610296	3.2501025708041262	3.040191071838295	3.2570106182060243	3.0500372670243383
A17C_Medtr1g041575_rep2	0.529404524230844	1.2450899555504058	0.0	0.4881722039090591	0.0
A17C_Medtr4g064933_rep2	7.631009671538049	8.176427499881322	7.565513402067221	7.819783124521067	7.3898363741530035
A17C_Medtr5g079590_rep3	0.2817476989528691	0.4778499916838651	0.17887395816979546	0.4915965944104481	0.11636475669178464
A17R_Medtr7g065590_rep3	6.3973123986551474	7.021672192358492	5.859936428119992	6.473467648090388	5.911084339901569
A17R_Medtr2g049540_rep1	1.4943302665516967	1.6107000621347645	1.4211559606622235	1.620117165028684	1.4202578126901857
A17R_Medtr8g107380_rep1	3.3233700690612684	3.5482722056359868	3.2341436170170783	3.340989459980793	3.263435098807037
A17R_Medtr4g012330_rep2	1.1871342914745355	1.4536492660432914	0.8885646764356027	1.1494761654160108	0.8594395353418507
A17C_Medtr4g050860_rep3	0.4888577325705152	0.680774425492461	0.3017827240209528	0.7145752388516258	0.3762903833370516
A17C_Medtr5g036330_rep2	0.8965947799874341	1.8435819231539905	0.6226180454657936	1.3919509775035144	0.0
A17C_Medtr5g013080_rep2	0.11503324294624008	0.3796209620557083	0.0	0.3006118636502701	0.0
A17C_Medtr6g071450_rep2	0.4566309479380262	0.8248357271072633	0.0	0.6201171650286842	0.0
A17R_Medtr8g042000_rep1	4.37123358068553	4.6008049549894725	4.330677902622785	4.5660641890239715	4.279768421593595
A17C_Medtr8g052100_rep1	2.153373003129774	3.2801644943595387	1.3836812552435602	2.6391549704382737	1.0114956388378291
A17C_Medtr4g011450_rep3	0.8065302892595656	1.2176443329210047	0.5495870337432982	0.8147554828098739	0.4414834795826449
A17C_Medtr3g106560_rep1	2.593034996181256	2.9522092978790724	2.1271930310068976	2.8421072544896293	2.4425454561053046
A17R_Medtr4g101630_rep1	4.497974218061594	5.408372203572676	4.377378292689022	5.036737756299668	3.9202297719500985
A17C_Medtr3g032800_rep3	0.0	0.06580205839574609	0.0	0.030924573194900707	0.0019223121310286586
A17C_Medtr7g092645_rep2	0.4229505809221087	1.3402774047662542	0.0	0.7250867246302268	0.0
A17C_Medtr2g005590_rep1	6.2237957899816765	6.811941918935119	6.1224794631468304	6.352411319470992	6.121927161380657
A17R_Medtr1g009310_rep2	0.037967850199020416	0.07541853452125538	0.0	0.049630767724600434	0.0
A17R_Medtr3g070380_rep2	0.7136958148433591	0.9201662408916341	0.4615285594728771	0.9391011750560548	0.5833586150185665
A17R_Medtr8g091420_rep1	2.0464910601940334	2.907659827853289	1.3714659324022052	2.648081900544425	2.055195654242125
A17C_Medtr4g134870_rep2	0.2465094321265421	0.5932740838836491	0.0	0.3807294485035485	0.0
A17C_Medtr5g090410_rep1	2.238684970746304	3.368628681628985	1.8057051848385115	2.3416062903508656	1.7625614300488894
A17C_Medtr2g010800_rep2	1.4524197212819243	1.9561805899616296	1.3988975712024732	1.6424705373158217	1.393416200471545
A17C_Medtr4g005440_rep1	5.308363302406996	5.6723499049644515	5.184438998015702	5.531745337697201	5.140969475840067
A17C_Medtr4g039910_rep1	1.8589093276766075	2.4625758880422044	1.262834017606388	1.887785192378339	1.599000334121439
A17R_Medtr8g089770_rep1	0.1974460642062172	0.3478546020206946	0.0	0.3188470578575409	0.11147651993459733
A17C_Medtr2g105800_rep2	0.0	1.1972363549187066	0.0	0.6285403192627603	0.0
A17C_Medtr8g487700_rep1	2.6810743932741614	3.4598250272769815	2.1772799959693243	2.707303908247276	2.056699124299356
A17C_Medtr7g103260_rep3	4.548847590384874	4.850232686380432	4.338305552164262	4.803330377650608	4.200901873672613
A17C_Medtr2g102227_rep2	3.836799393886928	4.253611151947168	3.787293147724631	4.014890847660281	3.682123789619721
A17C_Medtr6g471210_rep3	0.0	0.2686340054813565	0.0	0.11414488390284493	0.005759269288684953
A17C_Medtr8g038650_rep3	0.0858778351604055	0.21909105824619696	0.0	0.17461947251239854	0.0
A17R_Medtr1g075095_rep2	0.0	0.052879559602948864	0.0	0.0276259059775616	0.0
A17R_Medtr8g446910_rep3	3.2090893966476437	3.4646682670034443	3.0485849575730493	3.4499134768855564	3.0557740973920446
A17R_Medtr7g117450_rep2	0.5119739817818012	0.9859861044521712	0.2662368378721378	0.5878450092542777	0.008630305143440056
A17C_Medtr7g096360_rep1	0.32845353256414944	1.26923267553942	0.0	0.6617495998107046	0.2951352490008181
A17R_Medtr1g042260_rep2	0.9102209771871784	1.6527541669781511	0.5759576874599468	0.9808783530393804	0.5942300386668683
A17C_Medtr8g466360_rep2	0.0	0.3610196852763067	0.0	0.17844907374885086	0.0
A17R_Medtr2g011335_rep3	0.05334307608593645	0.2408231267436352	0.0	0.14578612869505675	0.03890436113154222
A17R_Medtr7g091110_rep2	0.3115031154682697	0.3873625408359955	0.3087880009994096	0.35501626421954985	0.3091761874785146
A17C_Medtr5g025150_rep1	2.087349684260526	2.55016189444743	1.670387156973834	2.47534433714261	1.7728709779083345
A17R_Medtr5g037300_rep2	1.815302165287385	1.956923991751124	1.6904915937401654	1.8321473835088915	1.677320305699499
A17R_Medtr8g027265_rep3	0.2314324084479651	0.33989749823584603	0.2132954319233439	0.3173040683619148	0.1665012204444029
A17C_Medtr4g077640_rep2	4.0374993666615735	4.164410862617858	3.9838600719236297	4.0798616309058255	3.8835882347289465
A17C_Medtr3g084110_rep1	4.113589381589222	4.376637677587998	3.8827082544438114	4.2623078660439155	3.6946573655470862
A17C_Medtr1g079250_rep2	2.9416697536565373	3.1969217338203286	2.782967640710727	3.0500372670243383	2.9096451148724918
A17C_Medtr1g028710_rep1	0.3060677671197664	1.8534634346679544	0.0	0.8242926459636815	0.13575374179997518
A17R_Medtr1g114370_rep3	2.958224023844014	3.0875759893654435	2.8667761288430484	3.0808850205343945	2.81625836143906
A17R_Medtr7g108680_rep3	3.597054368455717	4.348562928160098	3.1583370271671005	3.8655229591399634	3.3644323580163262
A17C_Medtr8g464260_rep1	1.8656549230129933	2.2912106137163044	1.8433139136713528	2.129502839441337	1.68885174386588
A17C_Medtr3g107393_rep2	1.3600832959133309	1.9518364281701108	0.7652518372453163	1.4878293173855464	0.3748076544903111
A17C_Medtr5g012660_rep3	0.3792512772257831	0.5489297694763999	0.3493652775942134	0.5237292153512574	0.3391373849195853
A17C_Medtr8g080450_rep1	2.1267526479018635	2.8707921214650343	2.002042371636019	2.3921342117757978	1.6308713830125765
A17C_Medtr2g105720_rep2	0.0	0.3504972470841332	0.0	0.14274017211608214	0.0
A17C_Medtr6g084180_rep2	0.3391373849195853	1.3486101375398678	0.0	0.7131092342128393	0.0
A17C_Medtr1g101630_rep1	5.6240423899933445	5.803915838090832	5.4033131751532455	5.801063784218693	5.492216396000453
A17R_Medtr8g027160_rep3	4.341226733642313	4.5547934747601575	4.021183577344567	4.387684206849534	4.051343096704068
A17C_Medtr5g074200_rep1	0.2533842358000745	0.911499848861108	0.0	0.5310694927259543	0.2682347540492004
A17R_Medtr3g072900_rep1	0.4674533934299825	0.6708403358815619	0.4001735666468537	0.5277376320282061	0.2825386502012381
A17C_Medtr3g087920_rep2	4.36788356005736	4.540791906636733	4.22822866788854	4.447865679491962	4.221490455042055
A17R_Medtr8g107160_rep3	0.3223127622782265	0.6353674541583993	0.16349873228287928	0.5996351834346045	0.20872533581959013
A17C_Medtr5g092520_rep2	0.7776476529692141	1.664937877441752	0.0	1.1775989293277338	0.27421195514527924
A17C_Medtr0167s0040_rep2	4.000781248244845	4.359450889339242	3.893815206720953	4.367417663573014	3.7706528820368033
A17C_Medtr8g089342_rep1	5.302343424708829	6.000758718162607	4.698755591328278	5.393095810080284	4.836193459941066
A17R_Medtr4g059620_rep3	0.27262045466299184	0.9239731611432392	0.0	0.4421915507825706	0.11236652307256316
A17R_Medtr7g085800_rep1	4.853995647176394	5.502786729499631	4.334019962621924	5.174020177973298	4.758658511987738
A17C_Medtr4g108230_rep1	0.7618525934793857	1.5373789068049637	0.0	1.1433934186931878	0.6059683588414584
A17C_Medtr0153s0060_rep2	0.5008020530571576	1.2141248053528473	0.0	0.683771300356746	0.0
A17R_Medtr3g037080_rep2	2.2506584544984047	2.5840003832857725	2.1956625628559205	2.4637968111986988	2.2097652659741027
A17C_Medtr1g013450_rep2	1.8249714654562263	3.3152280741357734	1.834306702962908	2.5166875753732785	1.8858346376972068
A17C_Medtr1g052640_rep2	3.6872473604034095	4.925588065278703	3.2609289399568766	3.882251756969725	3.121678556588253
A17R_Medtr8g085470_rep3	0.0	0.5153424050745292	0.0	0.21619615537254214	0.0
A17C_Medtr4g133300_rep1	2.942795979350646	3.3539819056645834	2.6955484681331003	2.978195629681652	2.6605331620987647
A17C_Medtr5g010250_rep3	0.0858778351604055	0.14969293275784887	0.05380644369579382	0.12697285625776553	0.0
A17R_Medtr0363s0030_rep3	0.4052662927048557	1.2101810282366032	0.3751784795896124	0.6753643127491455	0.3215433249048472
A17C_Medtr4g075140_rep3	0.10657166419804404	0.20163386116965049	0.0	0.17461947251239854	0.0
A17C_Medtr5g091560_rep2	1.6910874409518937	2.3129555418880225	1.4123299069153514	2.153373003129774	1.4284997590854065
A17C_Medtr4g014570_rep1	1.6831724232037342	2.3510628989403846	1.4443136816494762	1.7999162029890143	1.5659220705838697
A17C_Medtr5g014010_rep2	2.963782359216073	3.151317650495036	2.8278190246173196	2.9805128207438005	2.8636081252843737
A17R_Medtr6g047650_rep2	0.12741317215951667	0.36438566356740704	0.0	0.15142589998230446	0.039840264531791104
A17C_Medtr4g036445_rep3	1.2471173519505057	1.4503094892515356	1.1589832511603866	1.3578334786294903	1.1579060503032863
A17C_Medtr4g032370_rep1	1.8740756019685567	2.2877677779753767	1.3768460140163206	1.8971113195707847	1.5287379984435718
A17C_Medtr8g098665_rep1	5.309236832181851	5.744493020795112	5.14173250377846	5.407330088457472	5.134617982275187
A17R_Medtr4g116440_rep1	0.6732548888148617	1.104560316127235	0.6577924213551203	0.9002066793297494	0.6232425887832911
A17C_Medtr3g112430_rep2	3.38395767773348	3.619413010597937	3.0894416532165354	3.4722278029890443	3.181208588388692
A17C_Medtr7g111060_rep2	7.793885047559854	8.793861210297568	7.446247957531898	8.509534865003001	7.734831532965447
A17C_Medtr8g005060_rep1	3.5142064412327505	3.979415667843908	3.4759927685620795	3.806289682545416	3.4781089491215225
A17C_Medtr2g090980_rep2	0.0	0.2465094321265421	0.0	0.119466851355321	0.0
A17C_Medtr6g045183_rep1	0.7057567820497971	0.9446086068527386	0.6599245584023783	0.8565209788614886	0.6059683588414584
A17R_Medtr4g109330_rep3	1.7839455023106154	2.141868716311337	1.6577924213551205	1.9484762570497447	1.6873593520488337
A17C_Medtr4g100500_rep2	4.177652078033403	4.576663216036192	3.939383315741388	4.2291777165846645	3.9469491502676335
A17C_Medtr3g045450_rep1	0.4939888406736657	0.5766027556758756	0.4678011564884072	0.5310694927259543	0.42939279225591387
A17R_Medtr8g041570_rep1	3.271774255397953	3.4105220181563505	3.0849713349478045	3.346767826043963	3.12438328284116
A17R_Medtr7g114590_rep1	2.2506584544984047	2.546956178141411	2.171420354398609	2.456630947938026	2.180572245641821
A17C_Medtr4g100880_rep3	0.18353944671310315	0.3508743729628689	0.1132559775032578	0.27182404556692474	0.06304267908933701
A17C_Medtr2g426090_rep2	1.4804374767575994	2.2382773434098664	1.3391373849195856	1.9664304673062984	1.2614305201312042
A17R_Medtr5g026540_rep3	2.4737869116143685	2.7924389300646384	2.4510132429439726	2.564947166813768	2.4078059300477683
A17C_Medtr3g014608_rep2	8.024304902253126	8.499585487683643	7.768007837524777	8.389637074898431	7.463660598665823
A17R_Medtr8g016440_rep3	1.4101601683824727	2.836530121329404	1.1799356220935528	2.2962126546281194	1.4052662927048556
A17C_Medtr4g063605_rep1	4.447424912936166	4.821233999469733	3.761994388657728	4.628384781012286	3.90130136195475
A17C_Medtr2g041200_rep2	0.684669150219283	1.916731402524356	0.0	1.115477217419936	0.4573316254850136
A17R_Medtr5g074640_rep3	1.059586016527891	1.455053178126723	1.0076739278854208	1.2988537894542376	1.1322477982984398
A17C_Medtr5g065080_rep2	0.7530339627938597	2.283823021834196	0.0	1.6816741417928334	0.7812897629784078
A17R_Medtr4g113340_rep2	3.2622326858682387	3.4793168029519395	3.1148667172877316	3.3794361314820285	2.944296247304268
A17R_Medtr5g094250_rep3	4.319762427669248	4.700014245331883	3.9062813290703766	4.615867461288987	3.743012224284621
A17R_Medtr5g007520_rep1	3.6239448769962017	3.6785226768834938	3.6054943338525085	3.676380255466925	3.5811905370159
A17R_Medtr8g447390_rep2	2.7045769046248944	3.0870667529499984	2.5966966606872286	3.020413302544186	2.5236455881280424
A17C_Medtr8g005175_rep2	3.0803734164640204	3.8067364916526687	2.6475447697089667	3.65935375917005	2.954010144177069
A17C_Medtr1g071300_rep1	2.715527343641953	2.9102209771871785	2.4189095414719453	2.819123153251632	2.597173584672031
A17R_Medtr5g054985_rep1	0.0	0.5926364286065773	0.0	0.2959188965164948	0.0
A17C_Medtr1g009710_rep1	2.519625770007374	2.906954713963272	2.3338053486039905	2.5843211603945737	2.25479557897548
A17C_Medtr1g079120_rep3	0.06534252819887196	0.16735792773851413	0.049630767724600434	0.14012422390907067	0.01530725278784838
A17R_Medtr5g025630_rep3	0.2967021185991888	0.4386477144614892	0.19324607567693144	0.37146593240220505	0.2448870591235345
A17R_Medtr8g103265_rep3	2.3232739822757336	2.7221016615342157	2.11025186843923	2.546956178141411	2.2318419741117204
A17C_Medtr1g073530_rep1	1.7947970687267794	2.437760393539928	1.4840521771940245	2.1433934186931882	1.3589588258323293
A17C_Medtr1g070900_rep2	2.5147534984397533	2.9469803318754786	2.4216945811802923	2.7188182474559466	2.2738142445870366
A17C_Medtr5g066990_rep3	4.860631790620027	5.313306325664329	4.66395178231508	5.044058908843193	4.4200107239419495
A17C_Medtr4g104800_rep2	0.8506660933309342	1.225274929869569	0.6344383814370848	1.06235200882598	0.7398481026993274
A17C_Medtr1g086590_rep1	2.7650396189938045	3.134494773877597	2.644625422019496	2.8553253201192637	2.4690176674664954
A17C_Medtr4g032895_rep3	0.8348460282181193	1.1837511563093286	0.7590137593463793	0.9740397654683636	0.7089964783075381
A17C_Medtr3g092400_rep3	0.24285652389616355	0.4922804982113043	0.0	0.2215677885384093	0.0
A17R_Medtr2g099860_rep1	1.607231664562189	1.8225262190388318	1.5079214649573285	1.704576904624894	1.61227385419755
A17C_Medtr8g080290_rep1	5.4416494649528815	5.7840938698125095	4.979872916289199	5.604377784717994	5.092461173118858
A17C_Medtr4g045743_rep3	3.474911887560256	3.5990003341214387	3.4340721686431808	3.6087698242397264	3.3710476723651936
A17C_Medtr4g125750_rep3	0.12565110166152013	0.30412159787699306	0.0	0.24529282344652675	0.07313470463021537
A17R_Medtr7g018430_rep3	0.2967021185991888	0.993251664751298	0.17163384978055846	0.5430008774024255	0.1665012204444029
A17C_Medtr4g114280_rep2	0.19198369113593133	0.4358063643734157	0.0	0.30956426953623845	0.17972335180097734
A17C_Medtr7g079900_rep2	4.2689832598721	5.189732328851754	3.8273786983779368	4.596935142387232	3.8405639420501614
A17R_Medtr8g012595_rep2	0.2166100687424417	0.8218462477575027	0.0	0.40853072033725935	0.06073915785767853
A17C_Medtr3g099090_rep1	4.163928041924758	4.4329816709166785	3.8922938714609687	4.1558571501736665	3.9951528267181216
A17C_Medtr2g021800_rep2	0.8739444061297099	1.1137004991647284	0.5380414533336637	0.9533273291373336	0.5665716406267605
A17R_Medtr3g094770_rep1	3.608217853021459	3.747817028911667	3.572525917935596	3.6968470069159385	3.617337668940584
A17R_Medtr3g107713_rep3	8.05760911874856	8.219970332770236	8.03527015683255	8.160281555363099	7.993451706446358
A17C_Medtr8g010750_rep1	1.4686701975609404	1.7936878365407465	1.4669315916131342	1.6470842126289535	1.4245638326734884
A17R_Medtr5g076170_rep1	4.624763781397216	5.249913016033208	4.421335523179213	4.7534440852938	4.544856274889975
A17C_Medtr7g088470_rep1	2.153373003129774	2.593274083883649	1.5964581395589854	2.5613668727146224	1.873550747013832
A17C_Medtr5g010540_rep3	0.2817476989528691	0.5062295507949759	0.19660704409481766	0.4340276746635975	0.2469147404705168
A17R_Medtr2g098470_rep1	4.413481254623927	4.553790544230467	4.3312274870859735	4.478993369820065	4.274609556096091
A17C_Medtr7g013590_rep1	0.9393519695009956	1.5880049798749316	0.7518921384043089	1.170993268829804	0.7384075683401128
A17R_Medtr3g101350_rep1	3.4191343408617283	3.8405639420501614	3.0758748669751275	3.5057215893880893	3.3042189687163566
A17R_Medtr8g019370_rep3	1.3705363009241407	2.285895363642606	1.3159525974987858	1.933446743148514	1.0071955014042038
A17R_Medtr7g100410_rep1	2.844586515521641	2.964398632203184	2.7797499922554456	2.906762350349455	2.765393298738873
A17R_Medtr4g036105_rep3	0.03233598211969012	0.06855617003244341	0.02431967919541289	0.06120015643673761	0.0
A17R_Medtr2g087470_rep3	0.6965873926454856	1.7160397553116582	0.4251011826235415	0.7949356628035361	0.3045110418099528
A17R_Medtr8g090235_rep3	3.139524067128181	3.520128860227824	2.9447335317383767	3.3590994325320067	2.7172102990195963
A17C_Medtr8g446950_rep1	2.685566441659562	3.619804249933457	2.4615285594728773	3.2598248493579036	2.71779521491688
A17C_Medtr5g034100_rep1	2.3143098218971154	2.861492251523728	1.5964581395589854	2.56957210355662	1.7906330432050312
A17C_Medtr1g063950_rep1	0.0	2.466148534851878	0.0	0.9333208370489549	0.0
A17C_Medtr3g103260_rep2	1.7501777055930574	3.2622326858682387	0.7652518372453163	1.7531766273221232	1.1099176920780356
A17C_Medtr1g109320_rep1	2.858179973824652	3.1549395940457248	2.6849683093786525	2.986046802226162	2.4019944618032447
A17C_Medtr4g074670_rep2	1.4590818319848653	1.976485841064324	1.383865542788154	1.782548354185841	1.1984941536390834
A17C_Medtr1g089610_rep2	0.19198369113593133	0.9669226027505688	0.0	0.45241972128192404	0.0
A17R_Medtr5g058520_rep1	0.0	0.1579060503032863	0.0	0.07678709908954856	0.0
A17C_Medtr6g078620_rep1	0.7407117333991007	1.7240681290675923	0.0	1.2720231890610485	0.4597813205032414
A17C_Medtr2g100680_rep1	2.432157687310552	2.8767624907815565	2.4101601683824723	2.687284691917842	2.2340925092699058
A17C_Medtr5g063390_rep1	3.2245548424870685	3.731653923707341	2.574828123587443	3.272918994765638	2.6028844087184178
A17C_Medtr2g100440_rep2	3.316290583922	3.7954206372497774	2.9512769428515404	3.8172821545329207	2.9924058990316507
A17R_Medtr5g017890_rep3	1.0179219079972623	1.3149864854685154	0.7028052772542204	1.005759269288685	0.7790495528374586
A17R_Medtr3g079900_rep3	0.8237493603082727	1.000480818215045	0.563971603805183	0.8581136506415168	0.636914580355878
A17R_Medtr4g125300_rep1	8.267493662668365	8.453616345463216	8.087091511654915	8.257035769573967	8.021966392028363
A17R_Medtr3g073510_rep3	0.28688114778816154	0.4386477144614892	0.15445359267987244	0.3261538056570632	0.12167855658825248
A17R_Medtr2g088820_rep3	3.130271954518858	3.333566851134256	3.0412429822318816	3.321206566969903	2.9646450677063485
A17R_Medtr1g063920_rep2	0.013402704602488541	0.052879559602948864	0.0	0.02242699930324244	0.0
A17R_Medtr4g094455_rep2	0.40562937186642695	1.031395196275534	0.0	0.7131092342128393	0.0
A17C_Medtr7g061540_rep3	4.316314722779737	4.476813696865533	4.1694440229278085	4.352946804980989	4.174326515173915
A17C_Medtr4g089005_rep1	1.3378062221959706	1.6412377279770678	1.212673088808845	1.4764680997765918	1.0687854421888086
