gene	0	12	24	48	72
A17C_Medtr6g027840_rep1	2.532067552289031	1.6527541669781511	2.7680784350164562	1.4764680997765918	2.399535709994352
A17R_Medtr4g100650_rep3	3.630017096903056	1.761568961306863	2.7894510476356427	1.9282755616119351	2.9106047577367855
A17C_Medtr8g470840_rep1	2.1761099700674853	0.9922850348719944	2.5780531054621405	0.6882549723823393	1.9937347369275469
A17R_Medtr2g093200_rep3	1.8929738152733344	1.6786729028471732	1.9780735691002609	1.6367599423750352	1.8489316837696983
A17R_Medtr4g033400_rep1	0.21536797220347947	0.0	0.10835717809041852	0.0	0.12079428132864105
A17R_Medtr3g104250_rep3	1.58848478533611	0.7221745414837597	1.2996354202689082	0.4861136612898028	1.2996354202689082
A17R_Medtr5g024210_rep3	0.08678376614206666	0.0172092900322231	0.09040181202798936	0.01149563883782944	0.06304267908933701
A17C_Medtr7g097200_rep1	3.7443764071208254	3.450661409009565	3.7327395275316846	3.361253687683984	3.5945087395352884
A17C_Medtr6g066230_rep1	4.831826583875324	3.835351462601338	4.992043276171658	2.9991581823387863	4.067782107395681
A17R_Medtr4g114620_rep1	3.6480051798104935	3.150018022714734	3.475560513333268	3.194454825212714	3.4191343408617283
A17C_Medtr2g026670_rep2	6.012583571144445	4.890284546566682	5.565424545764978	4.927280190866623	5.627188520431272
A17R_Medtr1g024830_rep3	1.9658150618280044	1.6786729028471732	1.9052225173747883	1.5382070424346648	1.9397280794420928
A17C_Medtr6g022040_rep2	1.3410369178350672	0.8248357271072633	1.6816741417928334	0.4881722039090591	1.1163647566917847
A17R_Medtr2g073470_rep3	0.4625758880422044	0.16048998241054102	0.3751784795896124	0.02290040211007883	0.20246996379571186
A17R_Medtr3g023750_rep3	3.238583074709189	2.9979547329522784	3.184703465219773	2.82273014794452	3.030100613209527
A17R_Medtr2g056000_rep1	6.3192747041997706	5.887484653755398	6.215575062570717	5.77352167630252	5.984050023687402
A17C_Medtr4g124560_rep1	2.624646823509198	1.4953540596455583	2.274907684915658	1.6881057409324116	2.17493899450423
A17R_Medtr2g076020_rep3	4.08610437124329	3.791918233108436	3.96402890000206	3.6688377207552634	3.9996693444974074
A17C_Medtr7g114900_rep1	5.435728592553168	4.82954516169167	5.592576633972193	4.626789546375812	5.030689204071138
A17R_Medtr1g059830_rep1	1.6342834777980366	0.937093248439808	1.3669982280599733	0.55450699431764	1.0150693217176483
A17C_Medtr3g062590_rep3	4.006597245106645	3.5922776236204657	3.997322519930076	3.300123724569014	4.119051778886655
A17C_Medtr1g011980_rep1	4.012121672712217	3.9738561425020067	4.03928464511504	3.9692579562553534	4.003842066294394
A17R_Medtr5g089280_rep3	5.229664823411809	4.744394348299635	5.037616501808871	4.746921823531121	5.0133580365860055
A17C_Medtr6g037640_rep2	4.674291152054584	4.45575462218619	4.670462696678063	4.350355799460029	4.527716783683335
A17C_Medtr1g073660_rep3	2.0397233098042418	1.5091046253875593	1.8703976011469408	1.4423685142959342	1.8748625265558247
A17R_Medtr1g068835_rep1	0.4336716734178949	0.20914139783859165	0.3455856185266986	0.042177370244394566	0.2501531145370616
A17C_Medtr5g067350_rep2	5.630968428978997	4.9262999487189365	5.321002068437523	4.936276729315222	5.359310316890444
A17R_Medtr3g089510_rep3	5.139387633034014	4.987684677566762	5.1711534407346615	4.990319571783185	5.096725694687775
A17R_Medtr8g103500_rep1	0.8324174752518666	0.6626612554750942	0.870529119907312	0.6172984828408465	0.7756827017390598
A17C_Medtr2g084630_rep2	2.241535141795717	1.887785192378339	2.4508373367021052	1.873550747013832	2.2069557323872795
A17C_Medtr3g076930_rep1	1.6608373676962838	0.7461694214960459	1.279768421593595	0.8707921214650343	1.3816525370505492
A17R_Medtr3g096610_rep3	3.579904210898127	3.1948750225552964	3.577489253787716	3.2133991296801465	3.482418077297904
A17C_Medtr6g083830_rep3	0.6571826601284232	0.4922804982113043	0.5904024130542728	0.4650167019866353	0.5795019986674452
A17R_Medtr4g039945_rep1	3.3200032179628702	2.7396321142206115	3.0914177547457684	2.6980702738952598	3.2690331464552367
A17C_Medtr3g080870_rep1	2.7826182437360982	1.1976557430149417	2.6369918931310568	1.1005291879633952	1.8263281469939407
A17C_Medtr3g019300_rep1	4.381929348481968	4.1517505997190485	4.386994834693852	3.986198535489613	4.392637986059912
A17C_Medtr3g080190_rep2	2.4737869116143685	1.237767647223364	2.4775046427795493	1.1856551459350468	1.780869988461827
A17C_Medtr2g024290_rep3	2.3369498256818213	1.9305481192478549	2.2574129874851314	1.8208937492285653	2.2050796657498406
A17R_Medtr0151s0030_rep3	4.467344700280561	4.273515889702116	4.4733323456219845	4.198022607617272	4.388442135949413
A17R_Medtr4g094262_rep3	3.5940309336497998	3.457725607110753	3.637146506253152	3.475733430966398	3.5418039111877184
A17R_Medtr8g104200_rep1	2.05866283937856	1.7741369318108495	2.223113588580102	1.5009719717948709	1.9035525082366558
A17R_Medtr6g069170_rep3	0.1609201881811032	0.0	0.19324607567693144	0.03280614508324147	0.1379406378392928
A17C_Medtr8g089400_rep1	2.3652259325035048	1.4898854151790113	2.5247323641047736	1.4108837771955804	2.056699124299356
A17R_Medtr3g012540_rep3	3.082986377721685	2.7910499870085848	3.010899163433092	2.686239044192815	2.939038469632122
A17C_Medtr5g064160_rep1	1.996027123425076	1.5540157525987268	2.002042371636019	1.3472876906082434	1.7404239139386173
A17C_Medtr6g068930_rep2	4.791675176866842	4.4954393429512844	4.8442015044565725	4.170539351838837	4.557369242028642
A17R_Medtr1g018510_rep3	5.19248351710807	3.8174527161032414	4.5365710166188755	3.3899338630408504	4.602785455047754
A17C_Medtr7g100650_rep1	3.7253412611908856	3.3866730149227173	3.9220075066795017	3.4466532472862506	3.6847439458250175
A17R_Medtr5g459350_rep1	3.66045710067574	3.3370925937419296	3.580708299114734	3.3857531340990707	3.576038336762083
A17R_Medtr7g010360_rep2	1.4088929789809428	1.085198013405477	1.4909123662539716	1.1409967337880311	1.2672361418124098
A17C_Medtr1g108820_rep2	2.5371303733912347	2.0979478355348324	2.5461330509205373	1.898401859992193	2.1794048877900694
A17R_Medtr5g022795_rep1	1.0337460115926314	0.5827165611401951	1.1483918398926711	0.2493442022417518	0.6852674065168416
A17R_Medtr3g077120_rep2	2.217334131513419	1.8964656161894256	2.39716405600406	1.918004518597875	2.2025744425617986
A17C_Medtr4g021210_rep3	0.6953999892526219	0.2525771336582473	0.5230600617952494	0.14012422390907067	0.40671806142196826
A17C_Medtr1g087540_rep1	1.6328885960899753	0.1643572238529242	1.2564068537942452	0.0	1.1892447293009825
A17R_Medtr4g131330_rep1	4.2806099462857485	3.6083361503476614	3.994398697169786	3.6565345063180494	3.9579145986329847
A17C_Medtr1g030750_rep1	4.978668516916379	4.326633217830713	4.824920565071975	4.4364728080547415	4.682704377390582
A17C_Medtr8g009240_rep2	1.881795115005016	0.0	1.383865542788154	0.3807294485035485	1.3317052164988925
A17R_Medtr1g083230_rep3	4.037645784109753	3.820723594011072	4.0233145021759125	3.568559131473543	3.995846277916737
A17C_Medtr7g073640_rep1	0.9637207174360264	0.3153730079198265	1.3391373849195856	0.0	0.7530339627938597
A17R_Medtr8g030890_rep2	3.57535267394441	3.3799443585917266	3.60236977549904	3.418459837580992	3.487786450839484
A17C_Medtr5g007870_rep3	2.9934932210584155	2.51853513898218	2.9943986971697867	2.5941503999574063	2.7730820473838595
A17C_Medtr8g081030_rep1	3.6717462668632233	3.2005357406048924	3.5348501531585534	3.2460533240919007	3.5410604668329904
A17C_Medtr5g054910_rep3	2.4340276746635974	1.7673723045922518	2.180784391078699	1.8987887971115536	2.18966644665005
A17R_Medtr1g050425_rep1	3.609794353701092	2.9844678295536844	3.978134600681837	2.7357387819123464	3.4247429715625106
A17C_Medtr2g091240_rep3	0.5390347029707543	0.20163386116965049	0.4428992746333535	0.046374643406325175	0.23919434300767314
A17C_Medtr5g040250_rep2	2.0772429989324603	1.4517166535092918	2.382021607157676	1.051720116447328	2.2516686037070803
A17C_Medtr3g449880_rep3	5.360223793068907	4.647774993126177	4.972370998236007	4.580768587668398	5.055369211540486
A17C_Medtr5g016630_rep3	6.536923229502285	6.3770485344822685	6.650233214102979	6.38752912683217	6.530486972296604
A17R_Medtr3g097015_rep2	1.2201235459742903	0.8991756304805131	1.1320283936837836	0.8519988371124463	0.9864716151553532
A17R_Medtr5g037400_rep1	3.6413148094314645	3.4743495092406693	3.6161224046466804	3.272371624044239	3.4902706075027616
A17C_Medtr5g087500_rep1	4.0523289402867295	3.613492363302301	4.1630961384360115	3.472661057756975	3.755243679190556
A17C_Medtr1g044210_rep2	1.4650167019866351	0.8501326508989411	1.3072342097443292	0.6285403192627603	1.0976107966264224
A17R_Medtr5g015460_rep3	3.139524067128181	2.4570689112821773	2.9025238486273803	2.372952097911829	2.7230488138310216
A17R_Medtr1g028250_rep2	0.02856915219677092	0.0	0.04823618565284763	0.0	0.02998286621571431
A17C_Medtr7g074710_rep3	7.149872418562226	6.325386414659772	6.742675467547492	6.081453256801888	6.596771190453322
A17C_Medtr2g027300_rep2	8.975541344820495	8.30980676782079	8.821877065889135	7.386103907847072	8.42389326392364
A17R_Medtr7g085670_rep1	4.802951423664791	4.6252899745894185	4.76256143004889	4.5892241729304715	4.789607543840597
A17R_Medtr2g014125_rep1	0.2837242646009788	0.16949747290432254	0.3261538056570632	0.06901467791518046	0.2825386502012381
A17C_Medtr1g019670_rep1	1.093560176162338	0.3516283291027824	0.8329575070908091	0.0	0.3932331289604956
A17C_Medtr1g089500_rep1	3.0125090813990845	2.63063844605544	3.198022607617272	2.302952634916977	2.799225488636332
A17C_Medtr1g070120_rep2	3.0889330750256465	0.7601499634144695	2.709511214431973	0.6285403192627603	2.7363884007034605
A17R_Medtr4g129490_rep3	2.723922556690608	2.4026312325368853	2.6210555032997402	2.0890461078960687	2.6596201602493577
A17C_Medtr7g088570_rep2	3.753176627322123	2.7804500917697856	3.3307018019533787	2.8612275489789014	3.257262112156088
A17C_Medtr4g131205_rep2	2.1855494346295674	1.7160397553116582	1.957419380215392	1.6945087949233115	1.9315569969399398
A17R_Medtr4g121940_rep3	5.150261792118348	4.809397293693623	5.145989869445223	4.892763390716203	5.035389306097244
A17R_Medtr1g022455_rep3	0.06350294230615795	0.0	0.04077556118749163	0.0	0.021953441104049124
A17C_Medtr7g105370_rep1	1.7445916865423838	0.13968777101181068	1.1775989293277338	0.32077347694587044	0.8692133924646458
A17C_Medtr5g031870_rep1	3.896497908223066	2.145894794009076	2.946418959795156	1.716771456418223	2.764261218217114
A17C_Medtr7g022390_rep2	5.052676724303575	3.5027973354068247	4.539593105530914	3.7107972518401198	4.3724181833954825
A17R_Medtr4g096750_rep3	3.4053116825974445	2.7496057749449774	3.1154217280820227	2.6638000155317627	3.1681606290561057
A17C_Medtr5g015600_rep2	1.5001221779074931	1.0944612973914405	1.6207427916824126	0.7868751166092643	1.6188650972209675
A17R_Medtr1g107510_rep1	5.096346198993175	4.861260639453137	5.003677187717481	4.713219236249278	4.932218689718155
A17C_Medtr6g083920_rep2	2.731690123665713	2.141323788999518	2.6107787925252928	2.115588189693433	2.3381866797511535
A17C_Medtr5g098060_rep2	7.157383991852369	6.137278085036937	6.643639769286648	6.108203822252816	6.7088263911873725
A17R_Medtr4g051430_rep3	0.05334307608593645	0.023373649626505084	0.05704585653596705	0.0	0.04684025420297235
A17C_Medtr7g076910_rep1	4.055513826674868	3.6777337338314338	3.9446710706477344	3.613492363302301	3.999519021485497
A17C_Medtr7g106900_rep2	3.4544391346865577	3.0275669326073937	3.3397550074911035	2.551967109726736	3.2162996448486383
A17R_Medtr7g086580_rep3	4.446278289278115	4.234271378464624	4.349601177825439	4.218806994531787	4.343976260067535
A17R_Medtr1g076550_rep3	5.858909327676607	5.587004872357175	5.797817134005298	5.4114940399531575	5.735269430801924
A17C_Medtr3g087490_rep2	5.69764410162329	4.821233999469733	5.583920177863049	4.64481766601217	5.062985135861326
A17C_Medtr5g027095_rep2	2.1251000129803517	1.5827165611401954	2.228869985407653	1.6347481388276228	1.8569193116717744
A17R_Medtr5g083580_rep1	0.8937505017205659	0.4347394137213921	0.7177952149168798	0.0	0.6666051198870908
A17R_Medtr3g046640_rep1	2.4702331535209683	1.794381206593449	2.329123596291566	1.722903138560449	2.024319679195413
A17R_Medtr8g019280_rep1	0.1822685363027195	0.05195207963472162	0.18269229751619032	0.05148811595782087	0.14317570269777136
A17R_Medtr1g067710_rep1	2.8802283872048258	2.56527220794185	3.0072553133915627	2.258317908263868	2.7438739635083844
A17C_Medtr8g094790_rep2	2.320869730409621	1.1824804324683185	2.2529807411698712	1.4299283469391249	1.7992254886363324
A17R_Medtr5g061845_rep1	0.35200515946691746	0.0	0.21246558143115704	0.0	0.11147651993459733
A17R_Medtr3g100980_rep2	5.130052249189738	4.787188651300943	5.0416080495795565	4.617572763190028	4.998240643092896
A17R_Medtr6g008900_rep1	1.955436804909468	1.5799846398899744	1.7696307064480363	1.5009719717948709	1.884011737583522
A17C_Medtr1g017570_rep2	1.5843211603945735	0.4792305612063362	1.2454956628199207	0.5420103555366091	0.9102209771871784
A17C_Medtr6g087780_rep2	2.7369655941662066	1.3877301532831086	2.000600997734536	0.98452859123756	1.845188935340077
A17R_Medtr6g011810_rep3	1.0519520796347217	0.7581610186806959	0.9725701269295052	0.6894482685966817	0.8404968040441991
A17R_Medtr5g046670_rep3	3.65451192039069	2.653671522906192	3.500292176734166	2.8054988349789176	3.4446670668419075
A17R_Medtr2g029990_rep3	2.0831566239652757	1.8238852009035325	2.2003787979840257	1.6097549621724434	2.1084686993706416
A17R_Medtr7g014330_rep1	0.4534736809349519	0.23919434300767314	0.377401430785794	0.2363395391683736	0.4286784099482301
A17C_Medtr4g063190_rep3	0.3792512772257831	0.11281131883402967	0.2513656332028223	0.0	0.2860925743654733
A17C_Medtr7g033155_rep2	3.5624256119606232	1.8987887971115536	2.761285273361619	1.2970935702474702	2.329123596291566
A17R_Medtr4g081050_rep1	3.3753175144319973	3.3147448563388884	3.400811141409352	3.2599754569308166	3.3513456417224536
A17R_Medtr6g004520_rep1	3.2753050941987687	2.9823395567843685	3.322072357178457	2.7438739635083844	3.318991628550694
A17C_Medtr1g041695_rep2	4.306869797722197	3.6526394564621247	4.246180035233229	3.7008465747524655	4.178289709824957
A17C_Medtr3g073240_rep2	4.212154264391814	4.001261806201036	4.196449673487528	3.8553253201192637	4.035711876258653
A17C_Medtr4g084800_rep1	2.6736317979375968	0.529404524230844	2.240823126743636	0.0	2.1320283936837843
A17R_Medtr8g041580_rep3	2.518115445876417	2.18966644665005	2.5392829085697985	2.000480818215045	2.3581148977352084
A17R_Medtr5g016070_rep2	1.9707309709745444	1.8554582200356111	2.0303360783709588	1.7849227015628608	1.9449833490620991
A17R_Medtr5g013940_rep3	0.3223127622782265	0.10969486482592984	0.3957940185098601	0.02290040211007883	0.2379715473072152
A17R_Medtr7g063890_rep3	0.914309382447932	0.581752944245266	0.8248357271072633	0.30762281447149714	0.636914580355878
A17C_Medtr7g102790_rep2	3.1178612422023257	2.5423406050609745	2.9639672687552436	2.203827597942124	3.0101233765420865
A17R_Medtr0857s0010_rep2	0.14708957257913288	0.0	0.1957675357552203	0.0	0.07633105513415044
A17C_Medtr8g031900_rep3	3.1116434373501853	2.7477454329194493	3.392088405389457	2.4607425637896445	3.018396791161816
A17R_Medtr6g037220_rep3	1.8794443848084528	1.3499313733601146	1.718526026462262	1.4745658345384751	1.6999957436673965
A17R_Medtr1g013580_rep3	0.4204374870214337	0.09850939213407127	0.2750070474998698	0.01578299724092746	0.20872533581959013
A17R_Medtr5g038107_rep3	1.7266859232068112	0.35989594508638273	1.4979103683426502	0.6430865471633058	1.2432628596377286
A17C_Medtr8g071900_rep1	1.6913852722991298	0.9679063702901468	1.7766655118871575	1.0792927672728538	1.4804374767575994
A17R_Medtr4g077550_rep3	2.2212584296778064	1.8314719328476985	2.2803624899737778	1.8786599561307367	2.1084686993706416
A17C_Medtr8g092300_rep2	2.5699770933245687	2.2069557323872795	2.5333141565667923	2.0238467419543675	2.611408481024957
A17C_Medtr8g086390_rep1	3.9569549585141854	3.305532832239292	4.075903382961508	3.500292176734166	3.8517323868317206
A17R_Medtr1g008160_rep1	3.9217536786531793	3.798361630401303	3.936685046642969	3.6987741089036814	3.9202297719500985
A17C_Medtr7g090300_rep1	1.6913852722991298	0.5872049493321156	1.578536231561723	0.7169177521178758	1.279768421593595
A17R_Medtr4g109130_rep2	8.539042460042127	8.41579246239354	8.504212524482101	8.378388792425545	8.483862791699716
A17R_Medtr5g084850_rep3	1.1267526479018637	0.7530339627938597	1.2365436411763375	0.7798900393400472	1.0299828662157142
A17C_Medtr3g103330_rep1	4.482310505807648	4.163928041924758	4.391859351639529	4.224117471159431	4.3420094599699794
A17C_Medtr5g011040_rep1	9.228574213122924	6.673989770420474	9.263340413829964	7.063952276432419	8.465239873932457
A17C_Medtr4g087730_rep1	5.174832495036356	1.6822736410912538	5.401084301505005	2.534476682851201	4.033951525798175
A17R_Medtr3g114960_rep1	4.20006486151431	3.7420780922369645	4.126615000608928	3.1654832193334435	3.924416648193532
A17C_Medtr3g020230_rep1	1.5317349424798596	0.152724260688704	0.946106992004798	0.0	1.0114956388378291
A17R_Medtr1g045370_rep1	3.2103888644454037	2.60652119121643	3.102042181289379	2.6980702738952598	3.0929403286594037
A17R_Medtr1g030860_rep2	4.155506388793366	4.0523289402867295	4.166581558367942	4.021183577344567	4.113589381589222
A17C_Medtr3g110405_rep2	4.7630042761134535	4.10279808334919	4.686033560019119	3.2667365763650937	4.243846766837471
A17R_Medtr7g012560_rep3	6.6075473182207904	6.401021706884428	6.575882074644393	6.284014344738005	6.640418483081799
A17R_Medtr2g017835_rep1	1.4790580622474545	0.0	1.1368476041928808	0.0	0.7464560971136587
A17C_Medtr2g025120_rep3	7.030538400544355	6.296891741255145	7.02308158551442	6.4622704957406505	6.757041031100021
A17C_Medtr2g009890_rep1	3.3100492253513827	2.0739344564056923	2.7910499870085848	1.2182645357137716	2.970792313961602
A17C_Medtr4g118400_rep1	0.6675137134140611	0.2485348361386787	0.8120189587707136	0.0	0.4792305612063362
A17R_Medtr8g028480_rep1	0.21536797220347947	0.0	0.15315678806142052	0.0	0.16005964831610833
A17R_Medtr7g017400_rep3	2.4400662937703657	2.1579060503032865	2.3115031154682697	1.9458573691923595	2.207372304985536
A17C_Medtr3g064750_rep3	4.9811372157254565	4.622481390567739	4.987684677566762	4.033628561758163	4.640871534816681
A17C_Medtr2g082180_rep3	2.9173044437909317	2.4284104253573435	2.9436088181496016	2.4167496832317616	2.898917753092949
A17R_Medtr8g103890_rep1	2.9569859246125763	2.521972024874553	2.7253776198909945	2.353417397359133	2.6403895600549454
A17R_Medtr4g050330_rep1	2.8463261535704363	2.616200839693912	2.9452955598968966	2.5727280128608974	2.725741156503952
A17C_Medtr4g124560_rep2	2.7388398796975566	1.9561805899616296	2.7865266647946854	1.6424705373158217	2.102322191196686
A17R_Medtr5g040090_rep3	4.03928464511504	3.6205864104518777	4.075275901023272	3.6734056642804207	3.896207253896312
A17R_Medtr4g011340_rep3	6.535430914871278	6.168588553879497	6.401977401578749	6.216273773175572	6.3624523546737874
A17C_Medtr8g085910_rep1	2.906056797575593	2.5426707790047174	2.7656054649748336	2.398076692067445	2.7968053808804823
A17C_Medtr5g097420_rep2	1.881795115005016	1.0323359821196898	2.1588755672610347	0.5983652053236443	1.6031218698399965
A17C_Medtr4g057270_rep1	2.5135749635059432	2.0145933418252118	2.7656054649748336	1.6562675347942892	2.384970773976699
A17R_Medtr1g107435_rep1	3.5161832834808533	3.3579272910976368	3.4913828079688964	3.381698675977617	3.4293927922559138
A17C_Medtr4g036030_rep1	1.1188026780722538	0.7553149040450982	1.0202947622178475	0.4038130616165897	1.0687854421888086
A17C_Medtr1g116870_rep1	2.2715252787745226	1.6746113010712702	2.5599811941598287	1.7696307064480363	2.206539039470558
A17C_Medtr8g076580_rep3	2.879117591357696	2.6378420603241053	2.7804500917697856	2.642239465794404	2.815028849943025
A17C_Medtr2g088320_rep2	3.7867009012221007	2.8542616798234475	3.2952332282219423	2.554343265662764	3.22594326076906
A17C_Medtr4g116010_rep1	4.728029333099221	4.005759269288685	4.571656587022341	3.8437494038011275	4.2164289962551145
A17C_Medtr1g059670_rep1	3.759262380459667	3.7057567820497965	3.805361252007148	3.7039127992827328	3.7637656535099215
A17R_Medtr4g109500_rep3	3.8894086425090153	3.6036362348925914	3.9866536395535617	3.5719194632455573	3.9097091109263933
A17C_Medtr7g079430_rep1	1.4041765066470773	0.9153296760130096	1.3474766858323153	0.7754017758223142	1.3126651735583943
A17C_Medtr4g007490_rep2	0.6403124291484129	0.4792305612063362	0.6012210855849462	0.4179200078119653	0.5476143419488522
A17C_Medtr3g085480_rep1	1.493134922305505	0.8147554828098739	1.2896377653284226	0.4548777638106349	1.3542640770070524
A17R_Medtr1g032430_rep2	2.4115166373207986	2.159521550125957	2.3869028935128704	2.1818446505817657	2.3428391604690524
A17R_Medtr2g062270_rep1	3.939226577728209	3.7588361466015145	4.0720200253360135	3.6565345063180494	3.8783329849259087
A17R_Medtr0221s0060_rep1	2.3020752906980406	1.7659590060457548	2.0900630054099176	1.5469561781414116	1.979049764716219
A17R_Medtr8g036940_rep1	2.1500180227147334	2.0272720295911206	2.1141448839028447	1.9020092436492504	2.06085442131325
A17R_Medtr3g070330_rep3	4.722520670975554	4.032541697270038	4.538641623419794	4.2069296926056605	4.489692780443615
A17R_Medtr8g107640_rep3	5.336937927705722	4.994338349773008	5.2984505955326915	5.05830206279513	5.205027517946943
A17C_Medtr2g090620_rep2	2.213813846187749	1.516015147003665	2.3541700260248564	0.9617467885617952	1.7662417765368381
A17C_Medtr1g113830_rep2	1.9977139225626537	1.7704766965275298	2.147523792308788	1.7592978942642628	2.003722156470871
A17R_Medtr3g077000_rep2	0.11725175028928456	0.07541853452125538	0.13750352374993502	0.03327615487429865	0.09940742829185044
A17R_Medtr1g090700_rep2	3.104336659814736	2.8284961872868224	3.1174734135056523	2.7438739635083844	2.942170406952982
A17R_Medtr8g080740_rep1	0.6443177783375775	0.08224841175971452	0.5387036957326634	0.17929871749595774	0.33685463912546515
A17C_Medtr7g105460_rep1	0.9234661518107008	0.20622644078220434	1.1669296376831528	0.0	0.5894439178085927
A17R_Medtr2g037710_rep2	0.29709357024746985	0.0	0.17077967862423335	0.0	0.09940742829185044
A17C_Medtr2g008400_rep1	1.1824804324683185	0.529404524230844	1.3251945031143106	0.3299846497584209	0.766383141001298
A17C_Medtr1g041405_rep2	4.688758514592203	4.291235175871709	4.622676607888391	4.363124341829038	4.6054943338525085
A17R_Medtr8g040120_rep1	5.809954581981374	5.6182778161671365	5.791110781246858	5.657811472241392	5.772431150628991
A17C_Medtr3g084310_rep2	7.687340687378304	6.9732094505776026	8.112343932128638	6.7280021142355455	7.581223182714624
A17R_Medtr2g075405_rep1	2.1210154009613658	1.7741369318108495	2.203827597942124	1.5128168252017469	2.077926578685069
A17C_Medtr4g101930_rep2	7.3927095306407224	6.746523278472183	7.109635670551598	6.3712045340895935	6.832932197613551
A17R_Medtr7g091320_rep3	2.703838990926187	2.3654125924909417	2.657487572956545	2.4423685142959344	2.5868047676311536
A17C_Medtr5g005430_rep3	1.8010206585766495	1.6992554824572048	1.7658176000136996	1.6538243588659605	1.7670897556213354
A17C_Medtr5g088310_rep1	1.0257375614136082	0.9446086068527386	1.0202947622178475	0.969626350956481	1.0114956388378291
A17C_Medtr2g059590_rep1	1.37832665049357	0.4625758880422044	1.0202947622178475	0.34709867062226835	0.7921612484083307
A17C_Medtr1g090770_rep1	2.6014588206173523	0.8147554828098739	2.6795739302778694	1.0155451446246293	1.904451984131856
A17C_Medtr8g071330_rep2	1.6420083572571234	1.1061249402307376	1.5880049798749316	0.9617467885617952	1.6750631552402997
A17R_Medtr1g050550_rep1	0.24812998275005616	0.10433665981473553	0.25419088666866513	0.03562390973072122	0.16005964831610833
A17C_Medtr2g088460_rep3	5.848422639144293	5.4561818974864815	5.642663068649551	5.432681082776182	5.708389589151715
A17R_Medtr2g010920_rep3	1.1953475983222193	0.6596201602493577	1.0660317686168967	0.6819739225816291	0.9944590420423621
A17C_Medtr2g012520_rep2	3.5311110923292186	2.9167950850175086	3.4557984511182167	2.9436088181496016	3.1829570850806466
A17R_Medtr4g082813_rep3	0.35614381022527536	0.09850939213407127	0.2658369224043269	0.051024003024466885	0.3215433249048472
A17R_Medtr5g028420_rep3	1.225274929869569	1.0888200332985851	1.219091058246197	1.0386702903853662	1.2188844720009968
A17R_Medtr1g022485_rep3	5.644096618913001	5.12690404475713	5.750490384291233	5.157124576435272	5.370722275148166
A17R_Medtr5g028290_rep3	3.3121326797867328	2.212569338850806	2.9222612900551312	1.9541963103868751	2.564703337900049
A17C_Medtr7g019160_rep3	3.101481998382252	2.812155908321425	3.063963058731965	2.4128718320607287	2.916285546346056
A17C_Medtr5g022010_rep2	5.154980086770396	4.410182786652444	4.822696161795308	3.65451192039069	4.782932704820836
A17R_Medtr6g453270_rep3	1.1267526479018637	0.7846435693106816	0.9980751230755078	0.7949356628035361	0.9570478548154532
A17C_Medtr3g071610_rep3	3.681636664813941	3.0498630670634626	4.040278760337997	2.423309237242387	3.3438341716209843
A17R_Medtr4g094738_rep3	3.3386621106471632	3.0164963198961963	3.297778355158528	2.9532031462200297	3.0962618530584036
A17R_Medtr7g074190_rep1	4.088254691765082	3.904130807113924	4.067782107395681	3.9443274863026097	4.015604611455118
A17R_Medtr5g005540_rep3	5.927430330432773	5.261117052958444	5.803915838090832	4.834947129261684	5.999060439536388
A17R_Medtr5g459290_rep2	0.7204244057565297	0.08859392326898838	0.388465097283154	0.0	0.4816433834832802
A17R_Medtr7g114210_rep3	5.269544384499112	5.002537511510871	5.275553419421146	4.7707233502164135	5.004456447764125
A17C_Medtr1g040215_rep3	2.0883677777961704	1.0514881159578209	1.5639716038051832	0.8903818364214541	1.4826762161542066
A17C_Medtr8g099150_rep1	4.383105204893363	4.036122315817861	4.225506310219304	4.058518539571391	4.199489133833402
A17C_Medtr0003s0480_rep2	3.0842343838902444	2.4331375067814114	2.882447416431732	2.131479736122165	2.6769443591069124
A17R_Medtr3g111270_rep3	3.5027973354068247	2.3238504070183907	3.073877345979112	2.1433934186931882	2.6372238066009563
A17C_Medtr4g094130_rep1	4.50935803357479	4.112922496350433	4.392637986059912	3.8744691179161412	4.191746871011047
A17C_Medtr1g100180_rep1	2.2715252787745226	0.7990873060740036	1.7699127582653351	0.927011481060645	1.5945485495503542
A17C_Medtr5g019900_rep2	5.791110781246858	5.139387633034014	5.626672752605994	5.256041956980615	5.515132108871237
A17C_Medtr1g013360_rep1	3.131205329075995	1.3296020227727834	2.424384671538096	1.70206645660977	2.578294688735439
A17C_Medtr3g083250_rep2	1.6149453669368707	1.1694974729043226	1.6207427916824126	0.9774631112394668	1.4972291287876058
A17R_Medtr1g079810_rep2	6.076680226720879	5.908828916250827	6.065715907632407	5.94124719225516	6.0465056116319955
A17R_Medtr8g100045_rep1	2.1436111018382085	0.6959938131099002	2.269332429734163	0.4081683707081063	1.9464813452588696
A17R_Medtr8g077540_rep3	4.433248807808375	4.017417173301991	4.25746327575538	3.9276120574258564	4.2388887412326435
A17C_Medtr4g485570_rep2	3.7850622474391504	2.911819389725089	3.3875004064809846	2.7463127664254587	3.326537348139952
A17C_Medtr1g022375_rep1	1.5139959793670126	0.0	1.1212364867086209	0.0	0.5257348158237787
A17C_Medtr6g007603_rep2	2.7463127664254587	2.101201825340203	3.3093702415565383	1.9971117206751736	2.796459319557877
A17R_Medtr2g035830_rep1	3.3257701611817567	3.165215204871901	3.3331374563076657	3.150018022714734	3.263435098807037
A17C_Medtr7g081580_rep1	4.1721941248869285	2.7366048753142485	3.799605422452669	2.5823151323163	3.2785795504584234
A17R_Medtr3g080050_rep3	4.252350054803155	4.003062474234207	4.153724283519061	3.950623935633687	4.083667242189062
A17R_Medtr0055s0050_rep1	0.21536797220347947	0.05195207963472162	0.1924046087292567	0.042177370244394566	0.15185881672700496
A17C_Medtr8g058530_rep1	5.183062986500418	3.6167105635854333	4.5832783739083425	3.381052596682946	4.478346285946724
A17R_Medtr1g076570_rep2	0.6855664416595619	0.03468526620971905	0.4414834795826449	0.14099673378803151	0.4909123662539713
A17C_Medtr4g070670_rep1	2.9882302230604574	2.602805246324869	2.84197311892718	2.5563067842249767	2.9129691511751226
A17C_Medtr5g097900_rep1	4.109109779490939	2.610227589544693	3.5705843648917663	2.081907684726234	2.751963528910343
A17C_Medtr8g077700_rep1	6.290743853292715	5.3432301395534685	5.791110781246858	5.2948657718271495	5.828902332376791
A17R_Medtr1g021642_rep1	1.285500861304657	0.8092772341886326	1.170138718210482	0.8628811436409292	1.1784490737488509
A17C_Medtr1g080330_rep3	3.8641035846358935	3.635793079282506	3.914341277546389	3.5231855517306037	3.795940071880003
A17C_Medtr7g101070_rep2	5.132014679787416	4.435717481950882	5.6107492691323335	4.578274558341035	5.101313901086297
A17C_Medtr1g088970_rep2	2.0772429989324603	1.2499509289798827	1.794381206593449	0.7798900393400472	1.4400662937703663
A17R_Medtr4g129290_rep1	0.4674533934299825	0.13837761953001482	0.5082596098178682	0.19660704409481766	0.3497426994514055
A17R_Medtr7g106050_rep3	7.565513402067221	6.768590163541617	7.535718616435589	7.007453422889991	7.2647866165612385
A17R_Medtr7g055630_rep1	3.4083042624842994	2.8667761288430484	3.3105824885322312	3.0333348953332098	3.2471173519505068
A17C_Medtr6g013260_rep3	0.3792512772257831	0.2525771336582473	0.39762044620143455	0.08633087176041962	0.3029526349169773
A17C_Medtr3g463520_rep3	5.052676724303575	4.686575227905075	4.843849882857749	4.604269047926128	4.892471982959573
A17C_Medtr3g117085_rep3	3.71050340148579	3.582796833503042	3.641546029087524	3.5524180608251257	3.633392458961147
A17C_Medtr5g091790_rep3	2.372952097911829	2.2078928516413328	2.3086909380572065	2.125540900764633	2.30343981792937
A17R_Medtr1g075330_rep3	3.3171110785895865	3.1120328362338165	3.3880976720829286	2.983312871067121	3.194454825212714
A17C_Medtr2g046620_rep2	1.5589206588675597	0.9428585216738772	2.0107798387532423	0.7250867246302268	1.5408538865040309
A17C_Medtr8g105900_rep2	4.431556104825963	4.307792796129895	4.388442135949413	4.2930270846660505	4.40954934101424
A17R_Medtr7g080980_rep1	6.7180601768795025	5.995039732413101	6.733535118139392	5.774418104105813	6.315439431038487
A17R_Medtr7g446310_rep1	1.0217166037004324	0.8092772341886326	1.0781543666449471	0.8084536997503885	0.9194036498911156
A17R_Medtr0336s0070_rep1	0.14839183989267116	0.0	0.2041407167802252	0.0	0.12829340100981754
A17C_Medtr2g438770_rep3	3.8461589718052704	3.554875315867559	3.729661525875295	3.5290296413667	3.663154828529674
A17R_Medtr1g027500_rep2	0.17802406415942013	0.0	0.12653240592893192	0.0	0.14491651140477882
A17C_Medtr0006s0250_rep2	0.8183052216181449	0.33113192221720217	1.1690698176348835	0.15488560197817128	0.6717462668632227
A17C_Medtr2g086420_rep3	5.603774686463972	5.21263418344892	5.491211756003091	4.83307561211425	5.311164005469019
A17C_Medtr5g016200_rep2	1.673405664280421	1.3402774047662542	1.5964581395589854	1.0953618561228602	1.4234885319721136
A17R_Medtr8g033250_rep2	0.906634093689292	0.4001735666468537	0.6226180454657936	0.14099673378803151	0.5833586150185665
A17C_Medtr8g020530_rep2	2.788337695887232	2.5038575325774293	2.6918319040681027	2.391034456895287	2.718672144357853
A17R_Medtr2g011490_rep3	4.839018976895393	4.306043456200442	4.786265270691972	4.1630961384360115	4.592197877059123
A17C_Medtr4g125960_rep2	2.6836964543065163	2.296702118599189	2.6810743932741614	2.257111221047032	2.6653927710418914
A17R_Medtr1g031060_rep2	0.1366288980542238	0.0	0.2302030133664215	0.0	0.12256229017845173
A17C_Medtr8g028725_rep2	4.032541697270038	3.0702175682577777	3.9763330827823724	2.699107384624001	3.2961636990964336
A17R_Medtr1g015120_rep3	2.518115445876417	2.2387868595871163	2.6001111371556056	2.1059015263641063	2.3711871058513183
A17C_Medtr2g075985_rep2	3.0842343838902444	0.0	1.7217372065516312	0.0	1.3651325934525298
A17R_Medtr1g112900_rep1	2.693394027289567	2.3077199493000737	2.879509734616671	2.344828496997441	2.629861717792417
A17R_Medtr4g108350_rep3	5.3427088105578795	4.905992639301023	5.221438897074753	4.974988111991927	5.156760642431016
A17R_Medtr6g086820_rep2	0.267835392097615	0.0	0.4615285594728771	0.0	0.2638356805230329
A17C_Medtr8g093620_rep3	1.3895668117627256	0.6341285575250407	1.0749620576812222	0.5237292153512574	0.838884553877278
A17R_Medtr1g072260_rep3	0.8615584195720287	0.589124277829244	1.0188715180633978	0.5317349424798598	0.8131141913462892
A17R_Medtr3g104400_rep3	5.3011486259452685	4.5317557328396365	5.399729374862479	4.017209290032223	5.203057558458747
A17R_Medtr5g016630_rep1	6.7239953447151874	6.2105122530293935	6.5015346847132856	6.2834341261263225	6.525160579746356
A17C_Medtr4g019780_rep1	7.360440366047504	6.6593109401222526	7.45907089978534	6.3712045340895935	6.768590163541617
A17R_Medtr3g105540_rep2	0.6729532906030623	0.32883646422954	0.5865646053176574	0.20288783347014344	0.5505723690400334
A17R_Medtr1g040430_rep3	5.5231646374993835	3.8808487537549214	4.686986012750917	3.64554795964502	4.814789656534387
A17R_Medtr4g115740_rep1	4.613099408285193	4.2291777165846645	4.568903621789672	4.267835392097616	4.492964077963912
A17R_Medtr1g078280_rep1	0.7125224149894187	0.5187029820445401	0.6577924213551203	0.2860925743654733	0.6232425887832911
A17R_Medtr1g484960_rep1	1.4088929789809428	1.144481506112507	1.3858911536193272	1.098958480088169	1.2644363446247868
A17R_Medtr5g014230_rep2	0.267835392097615	0.0	0.2416368295519453	0.0	0.1304916263945616
A17C_Medtr2g101270_rep2	4.262433157631349	3.870529119907312	4.281994917803122	3.948849996106512	4.083468689909837
A17R_Medtr6g088020_rep3	1.2095573399031392	0.8880450671950177	1.1799356220935528	0.8686867653221351	1.000480818215045
A17R_Medtr8g015230_rep2	3.985227166729697	3.85409541516792	4.0703320769522495	3.790667793124725	3.981213342970905
A17C_Medtr6g007767_rep1	9.818333452245307	9.182149331031356	9.673906172954618	9.125676928779116	9.546904103538834
A17R_Medtr5g022050_rep1	2.8393549796546487	2.6363732748910427	2.8875252707415875	2.531818102121402	2.804948424350509
A17R_Medtr2g029000_rep3	5.11838741444524	4.7440354823249	5.0695303251623045	4.629978253694222	4.847779818052146
A17R_Medtr8g066330_rep1	2.8393549796546487	2.388097672082928	2.7375425567977274	2.1791925393880245	2.595742339474399
A17R_Medtr5g032090_rep1	3.4568499462293354	3.239245270343785	3.341226733642313	3.150018022714734	3.2744604685803225
A17C_Medtr3g078637_rep1	2.6906405786156933	2.5155106199690107	2.6849683093786525	2.2822420942974446	2.649078898991012
A17C_Medtr1g116080_rep1	5.765605464974834	4.049659807187588	5.410137549757892	4.392363221894362	5.085906154116151
A17C_Medtr4g126970_rep2	3.6205864104518777	3.3296020227727836	3.7120821438784617	3.1916152874755173	3.5184092438696704
A17C_Medtr2g018570_rep3	1.4569813292490108	1.0790651589989904	1.2980717349339952	0.9740397654683636	1.2939589790286945
A17C_Medtr0277s0010_rep1	2.417650017160688	0.9871995749929604	2.0946864897810165	0.6983666673304851	1.7343664031182489
A17R_Medtr2g071640_rep3	3.651109110734403	2.734438666137167	3.3797595694479354	2.713329229898968	3.0683841920010213
A17C_Medtr8g093100_rep2	2.0404248959945432	1.7936878365407465	2.147523792308788	1.6587065802457066	1.9644602450255075
A17C_Medtr1g090807_rep1	0.3060677671197664	0.10388924314472414	0.4816433834832802	0.0	0.3157594268429587
A17C_Medtr5g061880_rep1	2.965137812463181	2.0923202147272724	2.6676650900514054	1.513490745588118	2.70206645660977
A17C_Medtr5g006350_rep2	0.6403124291484129	0.0	0.7977047520238847	0.0	0.6480051798104931
A17C_Medtr1g116060_rep2	3.1959774586425875	2.5203803395650666	3.26703633639129	2.4251011826235414	3.167197333867264
A17C_Medtr5g091720_rep2	4.12515513132229	3.3723485278020866	3.849265386045118	3.2362374773352944	3.8588098920425824
A17R_Medtr1g054735_rep3	0.21950414201162155	0.0899500521868504	0.22321658305031453	0.01578299724092746	0.1665012204444029
A17C_Medtr1g095920_rep2	4.4826331962188855	4.184518343267524	4.35374672071372	4.183407112437251	4.359450889339242
A17C_Medtr8g076900_rep3	4.773767809992763	4.2029400586702765	4.933588374377656	4.262884117272703	4.574626322655404
A17C_Medtr2g027270_rep2	5.10470008371736	4.386994834693852	4.747297877451026	4.305508512304008	4.597928392024322
A17R_Medtr7g035245_rep1	7.3013864453851065	6.924064245500894	7.15583354391126	6.883510850582589	7.029158368068098
A17C_Medtr1g102570_rep1	3.3589119538870085	0.7245047580870836	3.0101233765420865	1.3643856635674072	2.887850165471232
A17R_Medtr5g092410_rep3	4.803588698308944	3.92318088074018	4.4203251931867085	3.55810433165691	4.05000823515818
A17C_Medtr2g028550_rep2	3.9253032135173855	3.259473370533013	3.971589535530062	3.014950341465972	3.5266948455419755
A17R_Medtr2g069770_rep3	3.2172824247936718	2.5178635713960333	2.9347052001725618	2.192299390843429	2.963474123974886
A17R_Medtr1g016750_rep3	6.7873497467940425	6.6445004496856495	6.783552691138582	6.510033571212365	6.8237026621494605
A17C_Medtr3g113170_rep1	2.6906405786156933	2.337996463515016	2.5986034113905427	2.2460026365190933	2.5045356501179463
A17C_Medtr7g089190_rep2	2.6048620581588606	2.0705038229544237	2.740567830846402	2.1968168448718752	2.5526229920092782
A17C_Medtr7g006570_rep3	2.5591654669861743	2.1267526479018635	2.6707648159485013	1.963227488357414	2.251870548701936
A17R_Medtr3g056410_rep3	0.21950414201162155	0.09850939213407127	0.1831159342952992	0.10254615999957173	0.18692307779420966
A17R_Medtr2g437090_rep3	1.859704566120752	1.6725007750342242	1.8068052192348405	1.5382070424346648	1.7770865113670835
A17R_Medtr6g060685_rep3	1.8858346376972068	1.3906676855596674	1.6945087949233115	1.3762903833370514	1.6600767333976028
A17R_Medtr3g099460_rep1	4.555079898326656	3.985227166729697	4.4465209202931835	3.671444353073089	4.364712492976603
A17R_Medtr7g111960_rep2	1.7864569643313102	1.5647846187835257	1.8541286696319648	1.5652722079418502	1.7422937148614877
A17C_Medtr2g025180_rep2	4.278629106320717	3.2845634856787287	3.707230273180736	2.964398632203184	3.8112997602689487
A17C_Medtr7g084810_rep2	4.731853012238795	4.154642612665847	4.599020177391674	4.042060604832904	4.309879509358511
A17C_Medtr1g038680_rep3	4.417289951010223	3.168802468702278	3.9325336748818214	2.334186862566518	3.5940309336497998
A17C_Medtr7g105100_rep1	3.1362460825145084	2.233990288343737	2.941544563180853	2.4128718320607287	2.789729251375769
A17R_Medtr3g018710_rep1	0.1656440041144361	0.0	0.10835717809041852	0.0	0.10344168767630196
A17R_Medtr5g054950_rep3	4.562568075234041	4.19925354263711	4.5547934747601575	4.190772868537883	4.4301068209964924
A17R_Medtr1g040355_rep2	4.9168428450427015	4.780310099043375	4.9299329882743805	4.700014245331883	4.813097084729966
A17C_Medtr3g073640_rep3	2.8350482232207934	2.3983503703459648	2.631104282365877	2.33199177823206	2.6858654148325085
A17R_Medtr5g091980_rep3	0.09985623683206657	0.0	0.13312508323936062	0.0	0.06304267908933701
A17C_Medtr7g103590_rep1	2.410612466420754	2.137831371732459	2.5953445192482767	2.141214778833544	2.3914927899807217
A17C_Medtr3g117160_rep2	2.2097652659741027	0.7993636579646848	1.7999162029890143	0.0	1.2211552953144733
A17C_Medtr7g111780_rep2	3.738407568340113	3.3231778890901724	3.5326078797331983	3.1076878693143737	3.4611792809235644
A17C_Medtr3g046880_rep2	2.792647156238181	1.7632699185181149	2.4253697825636644	1.3518167565883097	2.2097652659741027
A17R_Medtr3g053540_rep3	7.184214162767981	7.012233435894742	7.164622045871256	6.986460237867888	7.164622045871256
A17R_Medtr2g021590_rep3	2.02207184522746	1.2533842358000746	1.961005868384136	1.341606290350866	1.7849227015628608
A17R_Medtr0229s0040_rep1	0.5327325419485985	0.2912106137163042	0.5082596098178682	0.026209879322848628	0.3145998594335368
A17R_Medtr4g063030_rep1	3.0896676304329413	2.9802690810843444	3.043402836830716	2.9445461403531565	3.012866597105744
A17R_Medtr1g107500_rep3	1.7481749555865096	1.1083571780904182	1.6367599423750352	1.2010064660560933	1.6379965823657978
A17R_Medtr4g107860_rep1	3.2191943402765872	2.56527220794185	3.192299390843429	1.7585874520177256	2.597729796795034
A17C_Medtr8g091300_rep1	0.7891032175013815	0.4012663795062432	0.6789733078541699	0.0	0.6659990728120624
A17R_Medtr0034s0190_rep3	0.9639672687552436	0.3033423944873308	1.1522916036031736	0.2789759497028154	0.6430865471633058
A17R_Medtr1g057130_rep1	1.3714659324022052	1.244481180645435	1.3912178076028974	1.129392932379928	1.3173040683619148
A17R_Medtr5g041790_rep3	6.233402377421621	5.04468554346628	5.770820238343573	4.801400119991024	5.69764410162329
A17C_Medtr5g086330_rep1	1.8656549230129933	0.2738142445870366	1.0391383939069585	0.0	1.4985912863686894
A17R_Medtr5g071400_rep2	0.8302553241676829	0.6335087100221055	0.9150746702605316	0.6464699077268088	0.7968745831848913
A17C_Medtr3g104990_rep1	1.5014816079641586	1.0426443374084935	1.4443136816494762	0.7169177521178758	1.273416424360915
A17R_Medtr5g065490_rep3	4.585623584461444	3.5484777265333665	4.278306962784454	3.6962535342078846	4.380498584052034
A17C_Medtr8g088410_rep2	3.428276414392509	2.8927148268441507	3.8081104216083137	2.54794331129035	3.37420486033972
A17C_Medtr2g011600_rep3	3.215782123215621	2.577650376754255	2.982947955157526	2.64347141979221	2.882186531251836
A17C_Medtr8g006850_rep1	1.3378062221959706	0.4215150633500486	1.3173040683619148	0.5665716406267605	1.1949275386188911
A17R_Medtr2g042440_rep1	2.563158130402808	2.3132458517875616	2.468583317006828	2.066031768616897	2.4642326049011185
A17R_Medtr4g124090_rep1	3.146437997841273	2.958224023844014	3.134494773877597	2.8104431038451745	3.118525848935668
A17C_Medtr3g060850_rep2	3.5853231294046712	3.29709357024747	3.464450452397325	3.18692307779421	3.3782341552192388
A17C_Medtr7g103040_rep3	0.9201662408916341	0.0	0.7487474536261209	0.0	0.40671806142196826
A17C_Medtr8g041660_rep3	0.06534252819887196	0.0	0.06442302846035976	0.0	0.06304267908933701
A17R_Medtr2g075760_rep1	3.775893360283772	3.4557984511182167	3.6695937511883328	3.4793168029519395	3.6201171650286854
A17R_Medtr4g113750_rep1	2.8113340159477596	2.066031768616897	2.7523917977758137	1.8170774540278043	2.3941482542946293
A17R_Medtr3g069960_rep3	5.064063689641984	4.511531291793178	5.04563226546747	4.47748305572792	4.989895890571622
A17C_Medtr4g116300_rep2	2.8881749870511	1.1896664466500502	2.292879888409605	0.8004685364723643	2.081225989151625
A17C_Medtr2g010750_rep3	6.9323525668157675	6.5316257881753526	6.834138122465061	6.361628012608312	6.9496283083149875
A17C_Medtr4g094608_rep1	1.771603912165215	1.4350951516200972	1.9680292940784792	1.2289725697601608	1.646623508476583
A17R_Medtr8g006905_rep2	2.8927148268441507	2.730313886293776	2.911819389725089	2.523478319137607	2.9090690226063454
A17R_Medtr8g027132_rep1	0.1822685363027195	0.0	0.17120682741814242	0.0	0.08406426478847455
A17C_Medtr2g034910_rep2	6.005564669557836	4.7832470973781165	5.679996093250271	4.8002269165924725	5.3957026364011424
A17C_Medtr8g031030_rep2	4.333328314231067	3.789729251375769	4.2899819724667205	3.5220557491609643	3.950623935633687
A17C_Medtr8g017100_rep1	3.816155942159519	2.9222612900551312	3.5544251323128577	2.0174468684668296	3.2179544676449012
A17C_Medtr8g010670_rep3	0.5203803395650666	0.3950627995175779	0.5629953806659449	0.4143159713613844	0.4847396659089111
A17R_Medtr4g083140_rep2	1.904451984131856	1.5454742108401809	1.9867143092497748	1.3684890006451036	1.6066001499795997
A17R_Medtr4g072140_rep1	0.1656440041144361	0.0	0.1924046087292567	0.026209879322848628	0.11147651993459733
A17C_Medtr2g026575_rep2	1.6031218698399965	0.7349444059468495	1.7666658283816261	0.8270060096389769	1.4180999735130515
A17R_Medtr8g080890_rep1	1.3246186152585275	0.9730601728040841	1.479575497260792	0.8859647567539704	1.2758017019076715
A17C_Medtr1g025220_rep1	2.9805128207438005	0.4457267033499842	3.073877345979112	0.0	1.6424705373158217
A17R_Medtr6g046960_rep1	3.5118053539935334	1.39579401850986	2.6761921718944146	1.683920980809325	2.955312803444705
A17R_Medtr5g018110_rep1	3.061718603820703	2.639695233399582	3.227176289617357	2.471187460386985	3.0627549399948846
A17R_Medtr2g435690_rep3	1.859704566120752	1.3779566338101137	1.6976255695380091	1.212673088808845	1.472141136420017
A17C_Medtr7g102920_rep1	4.432469520239657	3.929822552383156	4.343976260067535	4.002702520379824	4.317472913237864
A17R_Medtr1g492830_rep3	3.6907150652843153	3.327783157479153	3.6131387086036666	3.197760570992527	3.6723121849816818
A17C_Medtr8g071110_rep1	1.262834017606388	0.7706176466562031	1.1453513855726198	0.5881649327595001	0.8114710305298359
A17R_Medtr4g094580_rep3	6.0364667017727855	5.757494464151563	5.9006655812504025	5.6361218854414865	5.815712041242857
A17R_Medtr3g061630_rep2	0.5008020530571576	0.10075343526949533	0.3196179342001613	0.10924910704673436	0.3568950182822838
A17C_Medtr1g039490_rep3	3.2308690657436667	3.104560316127236	3.2077887573347907	3.0330999191462187	3.2081530545531916
A17R_Medtr2g016180_rep2	0.05565842731454165	0.0	0.04823618565284763	0.0	0.039840264531791104
A17C_Medtr5g036455_rep2	1.2680350868921602	0.0	1.4063552561790431	0.15488560197817128	0.6072316645621889
A17R_Medtr8g077540_rep1	4.152507948364903	3.8293083631616534	4.252122940200434	3.733390497931178	4.000030055833605
A17R_Medtr5g030860_rep3	2.7452373321297494	2.3254823608601143	2.641623094071965	2.2833291680516408	2.51853513898218
A17R_Medtr8g017190_rep1	4.105231077103698	3.946325376541122	4.076217021617047	3.765959006045755	4.104392577143512
A17R_Medtr3g086790_rep3	6.067129565397132	5.628229225991284	6.131987251603593	5.331514143716562	6.168588553879497
A17C_Medtr5g083050_rep1	4.0880284931065916	3.7364605625162	4.270553859178344	3.7031745457404286	4.041330606820623
A17R_Medtr5g059210_rep3	6.480733663303404	6.315439431038487	6.522102841936946	6.161907831608268	6.3770485344822685
A17R_Medtr7g031310_rep3	4.271201544913971	4.006986139918524	4.328142325727661	3.999037882564617	4.198389378952891
A17R_Medtr1g090813_rep1	0.1974460642062172	0.0	0.15315678806142052	0.019108822947704742	0.10344168767630196
A17C_Medtr2g090230_rep3	2.3556741064799938	1.5817529442452658	2.19377174339668	1.2342969293964812	1.9504684141501227
A17R_Medtr3g089010_rep3	6.5476092012076474	6.142828649907218	6.398053883200606	6.094095284772135	6.305015945386697
A17C_Medtr4g129510_rep2	3.2477756428143723	1.909581115979684	2.8752558279461176	1.5918389629730447	2.9906523768984763
A17R_Medtr8g087950_rep1	3.6688377207552634	3.5152582902716665	3.647544769708967	3.55077756254916	3.641700154940017
A17C_Medtr1g088765_rep3	1.5390347029707545	0.8599695482210259	1.5377102181029836	0.9360882361798072	1.3516283291027824
A17R_Medtr3g067940_rep1	3.6555426486698246	3.2081530545531916	3.632229432853483	2.8495990111514513	3.564947166813768
A17R_Medtr4g101280_rep3	10.966935816964128	9.417086670861293	10.115099587658651	9.055559919702377	10.115099587658651
A17R_Medtr7g110790_rep3	0.6666051198870908	0.22115529531447306	0.6939143593809547	0.051024003024466885	0.4671055465227184
A17R_Medtr5g005240_rep3	4.853147340571693	4.451299044850223	4.7582320996572784	4.465560963233684	4.6818053035528475
A17R_Medtr5g038540_rep2	3.698403712228763	3.4368725265410824	3.5791399117605964	3.4454177230894687	3.5721216431358624
A17C_Medtr4g005730_rep1	2.3365690417691156	0.9446086068527386	1.877875100707868	0.8707921214650343	1.5564702902081395
A17C_Medtr3g055940_rep2	3.301294981009143	1.9947003962948504	2.882447416431732	1.7871538174776842	2.896853072896707
A17R_Medtr2g088750_rep3	3.167197333867264	2.947790817216108	3.1259816538547165	2.8542616798234475	3.023373649626505
A17R_Medtr5g098320_rep1	1.2041407167802252	0.4347394137213921	1.034215715337913	0.2420435089178205	0.9360882361798072
A17R_Medtr3g099130_rep2	3.2055489111730338	3.0137599989554658	3.1716338497805583	3.0648253817084985	3.144481506112508
A17C_Medtr4g053420_rep3	0.8213020398895298	0.5343936763185192	0.87263179113525	0.5551617231879145	0.766383141001298
A17R_Medtr3g073480_rep3	2.8696082367058247	2.3537937607711394	2.8890191810540573	2.269930810099809	2.642470537315821
A17C_Medtr4g109890_rep2	2.696587392645486	2.4506614090095646	2.615573239883736	2.3590525651547294	2.5389519582808235
A17C_Medtr7g092380_rep2	4.060940862861976	2.82014491611279	3.7107972518401198	2.4672794804599825	3.519583837902304
A17R_Medtr4g124600_rep3	4.520338429386236	4.277240898332067	4.709566353839991	4.134084003208788	4.504747496499569
A17R_Medtr7g039550_rep3	1.0403079886535371	0.19072020101790368	0.9488499961065108	0.15618085423416014	0.5413496296075478
A17C_Medtr5g090300_rep1	5.364502396856103	4.868192877726716	5.351910961103077	4.92592032126511	5.132864694945856
A17C_Medtr3g117230_rep2	2.577408685555998	2.3497426994514057	2.5428358376446654	2.391034456895287	2.482418077297904
A17C_Medtr2g093130_rep3	1.9125221305980464	1.2551985664196899	1.7186721443578536	1.0770150670193726	1.3899338630408509
A17R_Medtr8g074790_rep1	3.4412178632621133	3.0529375073080915	3.3372829291808266	3.0842343838902444	3.3745294731016116
A17C_Medtr7g098650_rep2	3.20267891376217	2.5982063794258803	3.18083742256397	2.365785840029636	2.772800614553728
A17R_Medtr8g096380_rep3	6.9942289636819	6.713920302131236	6.83893496397684	6.6048077090343	6.821097909002613
A17R_Medtr1g052175_rep3	6.751378915170356	6.52843066800088	6.748599878208963	6.553452665747602	6.7149140404520775
A17C_Medtr3g463610_rep1	3.8021932169418253	2.444313681649476	3.3899338630408504	2.431444673128675	3.0529375073080915
A17R_Medtr5g074550_rep3	3.4053116825974445	2.4757766571365227	3.1292280560870047	2.6171417277974056	2.987078273858581
A17C_Medtr4g058820_rep2	0.5607149544744789	0.0	0.4005379295837289	0.0	0.2658369224043269
A17R_Medtr8g006640_rep1	0.4850832874517738	0.3118905721755506	0.4888577325705152	0.119466851355321	0.4534736809349519
A17C_Medtr3g118090_rep2	3.668383912250889	3.422546985955984	3.8229680285741288	3.3386621106471632	3.702288142533461
A17C_Medtr5g010010_rep1	3.728319635696653	3.0638480433820496	3.895173341791944	2.9153296760130094	3.2934685833474067
A17R_Medtr1g063230_rep1	2.230510460366176	1.104560316127235	1.6656959537772489	0.4001735666468537	1.4938180974293822
A17R_Medtr5g069980_rep1	2.2135028199839164	1.6913852722991298	1.9259994185562237	1.5262357805979156	1.9035525082366558
A17R_Medtr8g063700_rep3	3.2058095371408437	2.8832949676019846	3.136027285161916	2.9010438642893686	3.0545012161825604
A17R_Medtr3g111380_rep1	2.2826374886242475	1.620117165028684	2.1282934010098176	1.812977332735848	2.112144073755818
A17R_Medtr4g051375_rep1	0.24812998275005616	0.0	0.21246558143115704	0.0	0.0940108071330136
A17R_Medtr8g078410_rep3	4.826701010862416	4.568619929859823	4.754317435953982	4.564926849311519	4.6702360656985356
A17R_Medtr4g036440_rep3	2.447843644362085	2.2333768106416976	2.4207967685675293	2.1433934186931882	2.3163388612335933
A17R_Medtr1g097400_rep3	2.214332074233441	1.894526770257395	2.2762981387319807	1.8581136506415168	2.1209048453813364
A17R_Medtr2g010810_rep3	1.1953475983222193	0.8453227722566243	1.1982845966569606	0.6430865471633058	0.9520850186835011
A17C_Medtr4g085590_rep2	9.114179595696543	8.56785089486787	9.15372512784003	8.121115584638424	8.624772309205671
A17R_Medtr6g011860_rep3	0.34596403034287176	0.0	0.2549970867683756	0.0	0.2448870591235345
A17R_Medtr2g025050_rep2	3.3228415125281945	2.8284961872868224	3.0491079574123416	2.7469576424136477	3.0456177052179774
A17R_Medtr7g057520_rep3	1.2095573399031392	0.16048998241054102	1.2420435089178206	0.13531596451217093	0.8968530728967068
A17C_Medtr8g009280_rep2	4.850232686380432	3.986835640988704	4.538641623419794	3.840060330832395	4.410182786652444
A17R_Medtr5g007870_rep1	2.823817282204704	2.603754908481521	2.979171742737081	2.4809544173570592	2.7290814022018783
A17C_Medtr6g029470_rep1	3.1685885538794984	2.8759766021384583	3.061372992933267	2.8632777244949104	2.99891757275836
A17C_Medtr3g027890_rep2	5.330092245316578	4.300733872618239	5.247813611970504	4.640659485758653	5.0863025611404
A17C_Medtr8g005255_rep3	0.6288513454665928	0.4615285594728771	0.7204244057565297	0.3516283291027824	0.5910410562877602
A17R_Medtr1g085550_rep3	2.8513326191182067	2.3173040683619157	2.611408481024957	2.3222166050454858	2.6341285575250413
A17C_Medtr1g112230_rep1	9.114179595696543	4.852032139937688	8.556411532378531	5.830204609867972	7.124910527617468
A17R_Medtr7g108620_rep3	3.121402278787969	3.002822514976989	3.1752052087837463	2.9213728528592684	3.0962618530584036
A17R_Medtr8g092620_rep1	3.576239940295186	3.393278899016205	3.6495388198410543	3.314503186733337	3.4598250272769815
A17R_Medtr4g068190_rep3	2.0422941262061696	1.6958453800585949	1.938599455335857	1.3919509775035144	1.9035525082366558
A17C_Medtr3g073730_rep3	2.678297308603588	0.8700029729135559	2.8495990111514513	0.6647862143624125	1.8245642120898269
A17C_Medtr5g042620_rep2	4.103945177817248	3.7760337822267367	3.9829479551575266	3.760753208062986	3.979659551715824
A17R_Medtr7g052640_rep3	6.993145971147622	5.9726007596737825	6.726100059036607	5.7138332601862825	6.676121634232582
A17C_Medtr1g051230_rep2	2.349082146391089	1.8541286696319648	2.367836977178781	1.6241788971174356	2.4088929789809432
A17R_Medtr8g099975_rep1	0.5736976746253419	0.3296020227727833	0.6198042499334571	0.25701061820602394	0.6024885533061698
A17R_Medtr5g010010_rep2	3.481772528010875	3.2764470364743565	3.484653747733565	3.0189901753847526	3.4096172234945907
A17R_Medtr7g024860_rep3	1.5778920274693542	0.07952033964352635	1.6738578961552557	0.18565514593504687	1.3751784795896125
A17R_Medtr6g465410_rep3	6.068541839312817	5.166702056865692	5.572465283937189	4.96106762626779	5.6850711310141575
A17C_Medtr1g072110_rep1	1.4769864643695891	1.0767870990895485	1.6053362909054385	0.6372238066009561	1.6308713830125765
A17C_Medtr3g005520_rep1	4.99397621237223	4.296383985908042	4.728265208409058	4.035447960582276	4.497378177430081
A17R_Medtr4g074580_rep3	1.7786291258955675	1.187556626091395	1.620117165028684	1.069243877223136	1.4116070232520304
A17C_Medtr8g099465_rep1	5.651367470457081	4.653499563095797	5.2853405639106	4.680511902510954	5.169497472904324
A17C_Medtr8g045880_rep3	5.7951088866784985	4.530112370636521	5.498708286795994	3.6862390441928152	5.7890162468629605
A17R_Medtr2g013160_rep1	0.1822685363027195	0.10433665981473553	0.15315678806142052	0.0038420662943940437	0.14317570269777136
A17C_Medtr8g103900_rep1	3.1220652566455627	2.742581161573116	2.968705187761907	2.5473675657061166	2.893685793818024
A17R_Medtr0002s0820_rep1	0.3025627700204313	0.17802406415942013	0.4001735666468537	0.10299399332332566	0.3145998594335368
A17R_Medtr8g028835_rep1	2.0783821186449285	1.4397117796904677	1.95345150136626	1.4448437269830563	1.9227053035689887
A17R_Medtr7g076620_rep3	0.8955611456671028	0.0	1.3615812273038526	0.13531596451217093	0.6596201602493577
A17R_Medtr4g131200_rep3	1.3610196852763066	1.1932460756769312	1.3840498067951597	1.1159210553071128	1.2554000179372813
A17C_Medtr8g027685_rep3	2.723922556690608	1.7323415676407588	2.4513649910966087	1.9071470519314568	2.5800650643982257
A17R_Medtr6g022610_rep2	0.5652722079418502	0.42689090502263294	0.5476143419488522	0.2598248493579038	0.4425454561053042
A17C_Medtr7g099830_rep2	4.888304895208488	4.687228694283938	4.959198279709018	4.4968883883417865	4.911835364910601
A17C_Medtr3g089890_rep3	1.4764680997765918	1.165858355952122	1.5238964552564915	0.9277700622932072	1.4284997590854065
A17C_Medtr3g083910_rep1	3.5917990781178144	1.0815668772028837	3.0013819206829035	1.053806443695794	2.0505597407385974
A17C_Medtr1g017770_rep2	3.9241632437154927	3.2232165830503146	3.8197362978016502	3.2606279081266987	3.646777092874544
A17R_Medtr3g096320_rep3	3.7379030413054593	3.2625333830675536	3.54901194388709	3.148337602217487	3.4496494082379217
A17R_Medtr8g089965_rep3	0.05334307608593645	0.0	0.03139519627553432	0.0	0.030453796541713988
A17R_Medtr4g072090_rep1	5.297656095975138	5.004860897604578	5.2789387919001065	4.852381773197052	5.1380362388947125
A17R_Medtr8g068520_rep3	0.2314324084479651	0.0	0.30645668612492233	0.0	0.1665012204444029
A17C_Medtr4g132020_rep3	4.886241220789706	4.624003385585404	4.906521859757593	4.448548601640168	4.847094940260559
A17C_Medtr1g090010_rep2	2.1191348029344548	1.3402774047662542	2.025383221477924	0.6614455865252284	1.680024233056604
A17R_Medtr1g033600_rep3	3.570989070639732	3.3431709071086964	3.5096113972588983	3.4054478437075355	3.498718922727984
A17C_Medtr7g033155_rep3	3.462095956824926	3.0267410522048737	3.5358456015774653	3.0279796955835088	3.2194008821582414
A17C_Medtr2g026760_rep2	4.7487474536261205	1.6822736410912538	3.6366439530109815	1.7899378689801946	3.5788179804232554
A17R_Medtr0009s0050_rep1	4.5924371035201315	3.8808487537549214	4.340324886049179	3.3973922691498752	4.168374607333911
A17R_Medtr5g097950_rep3	3.368954551341611	3.252627590772562	3.4500454930860687	3.1779177921958435	3.361253687683984
A17C_Medtr6g007090_rep3	1.9785617494757468	1.4162993054798791	1.8455904088478547	1.5504081932172795	1.858378925082071
A17R_Medtr7g045502_rep2	1.400173566646853	0.8591744558664355	1.3968901525685842	0.7210080202632301	1.0867837661420665
A17R_Medtr4g075550_rep2	6.189725740766969	6.15029564572256	6.176063415320155	6.126511756520072	6.184286907417798
A17R_Medtr1g016900_rep3	6.159259154470763	5.6939236493201415	5.998534018279178	5.7828104225435615	6.054313081669316
A17C_Medtr2g036320_rep1	4.016496319896196	1.635522241459754	3.5479844271841894	0.8872653022678885	2.0234919372534224
A17R_Medtr2g013130_rep1	3.5092735691246086	3.2406196293117593	3.4722278029890443	3.0147123515213723	3.28555017999677
A17R_Medtr7g029620_rep3	4.417560009047555	3.862120725488496	4.300074901575697	3.849799149188936	4.2978517056957415
A17R_Medtr1g088845_rep2	4.369466483650723	2.6745359782821603	3.6513770384472175	2.5439082587439685	4.213865677369951
A17C_Medtr1g106910_rep1	0.9637207174360264	0.1643572238529242	0.6599245584023783	0.0	0.4222330006830476
A17C_Medtr3g463490_rep2	2.4059016212852358	1.4245638326734884	2.1556413071090983	0.8947854336450688	2.5818332702407147
A17C_Medtr5g014370_rep2	4.085622939541056	2.0421773702443944	3.765499385757064	2.2863883399128704	2.99669002974012
A17C_Medtr2g028550_rep1	3.910924496893008	3.1086917160724137	3.97299892617204	3.1340566143386335	3.504959311778081
A17C_Medtr0032s0050_rep2	1.4700595753410215	0.0	1.4318903482861802	0.39286691623079983	1.1799356220935528
A17R_Medtr4g045980_rep2	3.8108543624114968	3.6118018968166807	3.7437303760446285	3.5867247179687167	3.6919063292552994
A17R_Medtr1g100180_rep2	1.4997821201473118	1.3163388612335931	1.4487247871494404	1.3580210974659457	1.4478436443620857
A17R_Medtr1g109190_rep1	0.4197186553967521	0.13837761953001482	0.30723420974432897	0.08451787115627016	0.21495370226785795
A17R_Medtr4g120400_rep3	5.734565117711322	4.726849377731897	5.6133253704977495	4.829849559844691	5.493796753102937
A17R_Medtr3g078000_rep3	4.23710477285782	3.3557680594637067	4.069644888415038	3.3989431619067347	3.828123787152177
A17R_Medtr8g101520_rep3	3.8021932169418253	3.3581148977352084	3.892002368841848	3.415803727507959	3.7508565788834463
A17C_Medtr7g033155_rep1	3.4100696917563798	1.87263179113525	3.3548752589864916	2.1492593654996237	3.0529375073080915
A17R_Medtr1g109340_rep3	2.3083997100427154	1.8890840985981496	2.160167243874266	1.7067883838391145	2.2558028366027183
A17R_Medtr4g048590_rep3	2.4804374767576	2.2822420942974446	2.5231437229649725	2.2392961958822166	2.4274273890849254
A17R_Medtr1g101520_rep1	4.994685312836936	4.643990835028529	4.842459301016223	4.598762193587587	4.924004843311192
A17R_Medtr0232s0030_rep1	1.7494627568491086	1.632423335658889	1.7277026728372382	1.5185351389821804	1.6946573655470862
A17R_Medtr7g104300_rep1	2.4890290638504373	1.7323415676407588	2.685566441659562	1.798534443434209	2.197446064206217
A17R_Medtr7g113510_rep3	2.8391533873898216	2.215782123215621	2.8331599669261385	2.4078059300477683	2.7335712709263764
A17C_Medtr2g062990_rep1	0.5187029820445401	0.1643572238529242	0.5782141654724542	0.0	0.5894439178085927
A17C_Medtr4g093680_rep1	4.7248685146863965	3.4714042603033732	5.352864435530528	3.626010742588436	4.58706489836317
A17R_Medtr3g111260_rep3	0.7629865648805764	0.22938283424206385	0.9277700622932072	0.2330699739369385	0.4950128759994398
A17R_Medtr4g123980_rep1	4.165831563714025	4.028038652083828	4.133152489799726	3.822220271621528	4.07293469739543
A17C_Medtr1g115195_rep1	1.262834017606388	0.5958218903575427	1.2391943430076728	0.0	1.2499509289798827
A17C_Medtr7g113960_rep1	5.712825023458475	4.856072722948931	5.720004786954807	4.955483302711103	5.615288768810965
A17C_Medtr4g111780_rep1	0.9525820712434184	0.4114262457264651	1.1056780778945372	0.0	0.8059802720813865
A17C_Medtr4g091080_rep1	3.2804614775919783	2.9594610614682626	3.2028878334701436	3.0317480628642786	3.1397968966153487
A17C_Medtr5g086630_rep3	0.2817476989528691	0.14969293275784887	0.2355228422652228	0.03749936666157399	0.2297929820887179
A17C_Medtr8g083290_rep1	2.112144073755818	1.7797499922554456	2.259423152281415	1.5778920274693542	1.869213392464646
A17C_Medtr8g031210_rep3	1.6708403358815618	0.8493321172387692	1.8403625186584376	0.8570520648387316	1.6450867645723442
A17C_Medtr1g031650_rep1	3.862120725488496	0.9602645674989959	3.4070807754505013	1.2182645357137716	2.4091646132819724
A17C_Medtr8g044140_rep2	4.074219974631978	3.0328061450832418	3.5443617354932773	2.604624883315317	3.3296020227727836
A17C_Medtr4g104040_rep2	2.8256499656995984	2.3129555418880225	2.7477454329194493	1.8627489257935297	2.3827594642462
A17C_Medtr7g005380_rep2	7.119895634153568	6.304261566392148	6.7074511671063295	6.152338931792091	6.571429059315379
A17C_Medtr2g029540_rep2	3.639733815870424	3.0883677777961704	3.836934011321092	3.2408231267436363	3.5788179804232554
A17R_Medtr8g006955_rep1	2.3739729493551365	2.037147904146322	2.2623329252318984	2.020057652341253	2.1777052247811532
A17R_Medtr5g069640_rep3	3.7197310567498523	3.2222378385864148	3.661749599810705	3.3022215517907987	3.468452986364805
A17C_Medtr8g461380_rep1	3.0571036371411733	2.4019944618032447	3.0101233765420865	2.5017363585532824	2.741574847418796
A17C_Medtr5g097270_rep3	1.6124311390209156	0.8797057662822882	1.3064566861249225	0.7392720615493751	1.4951834779083346
A17C_Medtr2g027300_rep1	8.959249487262474	5.6421528044313565	8.829413024447808	6.858208989258536	8.23486212803062
A17C_Medtr5g018750_rep2	1.8919375824825904	1.3952456390135308	1.902909681936804	1.1300522491897376	1.7304588152246219
A17R_Medtr5g042520_rep3	3.4886863809412514	3.2660868825624254	3.4838372697677165	3.1715271060388144	3.366905003605746
A17C_Medtr3g092930_rep1	1.4686701975609404	0.8898628813651787	1.578536231561723	0.7821289457694306	1.229998012294547
A17R_Medtr4g122740_rep3	2.7663831410012976	1.0372650678318445	2.3081084232279383	1.2373597605820017	2.159521550125957
A17C_Medtr0027s0220_rep1	1.262834017606388	0.3628906426658604	1.4594316186372969	0.0	1.1056780778945372
A17R_Medtr7g112750_rep2	0.7708995056081378	0.5400272692575072	0.6421624337287695	0.40853072033725935	0.6047039459288941
A17C_Medtr3g026950_rep1	1.7013272574129406	0.4215150633500486	2.013283586818423	0.0	0.7089964783075381
A17C_Medtr3g064490_rep1	1.0660317686168967	0.0	0.5688428353578793	0.0	0.6562675347942892
A17R_Medtr5g068600_rep1	2.0669502439246266	1.8372704999618918	1.9688894674599693	1.773293085983971	2.0392553960594806
A17C_Medtr7g101130_rep2	3.6118018968166807	2.9228321394775403	3.5624256119606232	2.560714954474479	3.3509686390311098
A17R_Medtr5g088410_rep2	0.07587486697512763	0.0	0.09310940439148148	0.0	0.05241589415113854
A17C_Medtr7g080060_rep1	8.87486867271469	6.4192354891603625	8.684752126359141	6.753845179305363	7.863298376761212
A17R_Medtr4g108850_rep3	1.9742845597407568	0.9433587626778102	1.8509327405992084	1.1342209397606338	1.5107931731469
A17R_Medtr6g015460_rep1	1.2195041420116215	0.8015725694635982	1.1018741492549209	0.6390777734967739	1.0262098793228491
A17R_Medtr5g015370_rep3	6.617680501919177	6.178880595996107	6.392231545518049	6.007539386472813	6.292511832050287
A17R_Medtr7g090300_rep1	1.9345794038572803	0.903552508236656	1.4943302665516967	1.0195833156475542	1.4852550675366216
A17R_Medtr8g105810_rep2	0.2566081366743607	0.07541853452125538	0.1843860987567032	0.08904610789606891	0.22239242133644802
A17R_Medtr5g005150_rep3	3.4646682670034443	2.999879770403623	3.221567788538409	2.833767176015375	3.2274330380369776
A17C_Medtr4g063705_rep3	4.321543324904846	4.1280733941407854	4.288752283978432	4.185892968055465	4.283971145009694
A17C_Medtr1g075330_rep3	3.0448603696787075	2.8359914253918905	3.078780598150538	2.724868514686396	2.8854442100981736
A17C_Medtr2g066700_rep3	1.7365327207196757	1.4023583652080975	1.7301689428023308	1.3988975712024732	1.680024233056604
A17C_Medtr1g096200_rep3	4.585623584461444	4.394651325908983	4.634941703428948	4.3859601584282615	4.5564702902081375
A17R_Medtr4g130860_rep3	7.199201183812944	6.901192735731753	7.070382171648247	6.835385151931749	7.0172798252134285
A17R_Medtr3g108500_rep1	1.5449798832558037	1.22362848741882	1.5509006646475232	1.229792982088718	1.4568061492304742
A17R_Medtr2g084280_rep2	2.5287379984435723	1.7013272574129406	2.7832470973781165	1.3296020227727834	2.6584780948223616
A17R_Medtr7g080820_rep1	1.0031224578128244	0.7404239139386172	1.0660317686168967	0.6461626571578936	0.9318091061657259
A17R_Medtr5g029210_rep2	0.18776774704602486	0.07541853452125538	0.2178510968111314	0.09850939213407127	0.14491651140477882
A17C_Medtr4g119810_rep1	2.910732661902913	2.410431564221032	2.907659827853289	2.5178635713960333	2.7579477547357585
A17R_Medtr2g438330_rep1	0.3184614651675829	0.1579060503032863	0.3165319543264188	0.042177370244394566	0.2578152445742813
A17R_Medtr1014s0010_rep1	3.093616512731878	0.9683980026141712	2.6586304224585384	0.8549265468986229	1.929917212236056
A17R_Medtr4g108250_rep3	3.301099837624444	3.006417719830156	3.153967427539337	2.8542616798234475	3.145514429596175
A17C_Medtr5g010120_rep1	0.5685185977925435	0.20622644078220434	0.6687242820111141	0.0	0.2758017019076717
A17C_Medtr2g084390_rep2	3.4019944618032447	2.25479557897548	3.1064599961736152	0.9617467885617952	2.7061989874297767
A17R_Medtr5g016750_rep3	6.243637349044112	4.857151621698068	5.953529103582465	4.309879509358511	5.4722819669509875
A17R_Medtr2g071760_rep3	3.49761236561836	2.653671522906192	3.360785644907724	2.402904048266065	3.178502191145109
A17R_Medtr3g022000_rep1	3.699773705184328	2.398076692067445	3.4201679671325738	2.616592950978604	3.026091814341328
A17C_Medtr8g094840_rep1	2.9398534276363497	0.6050201530624095	2.1772799959693243	0.0	1.0172092900322232
A17R_Medtr3g037570_rep2	6.495370050649402	6.267591976688353	6.457441075618276	6.34077588031534	6.436261800862447
A17C_Medtr1g013440_rep1	5.098818155118853	4.459278597411994	5.000631041050222	4.085622939541056	4.50656809239946
A17C_Medtr1g100787_rep2	2.056699124299356	1.3563316489132418	2.3146965256562866	1.2970935702474702	1.7741369318108495
A17R_Medtr8g101480_rep3	3.0137599989554658	2.8623521995320202	2.9379093057021435	2.829511335709772	2.9416697536565373
A17R_Medtr2g086510_rep3	6.2595110330746015	5.9963510816117465	6.359720281587063	6.020479977197738	6.258600579643291
A17C_Medtr1g100787_rep1	2.2747089392147117	0.9871995749929604	2.2030967229283944	1.2785795504584234	1.7277026728372382
A17C_Medtr6g039830_rep1	1.8740756019685567	0.9153296760130096	1.7537471443996078	0.6028052463248688	1.8547935979936867
A17R_Medtr3g083480_rep3	4.364105465131757	4.083468689909837	4.510329019490572	3.8943004017439296	4.3144065075548195
A17R_Medtr4g022580_rep3	4.622481390567739	4.221490455042055	4.544856274889975	4.259523587036643	4.422479709149961
A17C_Medtr5g067680_rep3	0.2058095371408437	0.0	0.17887395816979546	0.0	0.10657166419804404
A17R_Medtr7g077810_rep1	2.4943302665516973	2.1794048877900694	2.520883166770002	2.1430668323780657	2.4927077735115954
A17R_Medtr1g087775_rep3	4.073620321078783	2.7924389300646384	3.5552026338782965	2.886940275785588	3.73501664002076
A17R_Medtr4g050330_rep3	2.8757145440948	2.6813742986989784	2.852265238191753	2.6638000155317627	2.7488905426459147
A17C_Medtr1g095620_rep3	4.8494989317201815	4.775278853530197	4.847328837526624	4.77204399167449	4.812823351278954
A17C_Medtr3g068175_rep1	3.2225469875249315	2.1482833625031774	2.9213728528592684	2.232251423537171	2.7104666659828047
A17R_Medtr1g032440_rep1	5.339161144523689	4.59846446263133	5.385891153619328	4.10855233467386	4.919085784633063
A17C_Medtr2g096640_rep2	0.6577924213551203	0.5001221779074931	0.6141601412924447	0.30956426953623845	0.5264027302064904
A17C_Medtr8g087425_rep1	2.6831724232037337	1.6746113010712702	2.61329589917267	0.7821289457694306	1.7373983377701774
A17C_Medtr4g022510_rep3	0.5203803395650666	0.18396283484259515	0.4716210276452114	0.11414488390284493	0.3688614532200104
A17R_Medtr7g051450_rep3	3.1328509889968927	2.562425611960623	2.9025238486273803	2.5437433227610646	2.9106047577367855
A17C_Medtr7g055630_rep1	2.2281516906251326	1.2910141014173029	2.632966124909667	1.2289725697601608	2.295527125966663
A17R_Medtr8g075970_rep1	3.790980504742052	3.3593337465831112	4.04558858427814	3.2791245713440937	3.7727654315894674
A17C_Medtr0022s0280_rep1	3.4664096009998686	3.1508845713050246	3.4112002419599037	2.886680201867016	3.26703633639129
A17R_Medtr6g016895_rep1	2.0693584632238227	1.8163949091691207	2.168214126600968	1.722903138560449	2.0729061226696817
A17C_Medtr8g469730_rep1	3.0591821992116923	2.2041407167802256	2.7713221908128483	1.5703010033036768	2.623554759084388
A17R_Medtr3g054170_rep1	0.1974460642062172	0.06166100775542682	0.2963105607080923	0.0	0.17419333307911594
A17R_Medtr6g016425_rep1	1.3478546020206943	0.23919434300767314	0.870529119907312	0.17929871749595774	0.6467770928745442
A17C_Medtr5g074150_rep2	1.8562553625409568	1.0879153804764117	1.5069065545806932	0.6614455865252284	1.2365436411763375
A17R_Medtr4g120420_rep3	3.3386621106471632	2.8278190246173196	3.4100696917563798	2.9263790251998785	3.187609409226529
A17R_Medtr2g060630_rep1	2.9025238486273803	2.4084401414616443	2.916540338176977	2.426801471613381	2.710099259496777
A17R_Medtr4g094218_rep1	0.35200515946691746	0.0	0.4453735776498027	0.0	0.33685463912546515
A17R_Medtr3g092095_rep3	8.65108040124233	8.397522049273697	8.56785089486787	8.461199748795941	8.589234162060174
A17R_Medtr7g076170_rep3	6.167204025635487	5.743523944025338	6.228517296051713	5.627674924881163	6.131397419488487
A17R_Medtr3g093450_rep3	0.3223127622782265	0.023373649626505084	0.3364738300851417	0.02290040211007883	0.19450735657401352
A17C_Medtr8g014490_rep2	1.8996912470124088	1.0644230284603595	1.8133878696248085	0.8859647567539704	1.6447792192629536
A17R_Medtr7g058430_rep1	3.614866863601746	3.2016338611696504	3.5336879278994817	3.296799991469272	3.475171372864632
A17R_Medtr8g098525_rep2	6.592566667958847	6.430491580568664	6.586219301935085	6.219103968904357	6.421621654755797
A17R_Medtr7g076290_rep1	2.1500180227147334	1.9628574558565464	2.1855494346295674	1.9977139225626537	2.0729061226696817
A17R_Medtr2g094090_rep3	4.7735040937177	4.363358003141906	4.760025734668983	4.505827429431045	4.679949192353309
A17R_Medtr1g013400_rep1	3.813832486128809	2.3132458517875616	3.4326031422932144	2.2267140272865418	3.0694730401242434
A17R_Medtr8g092890_rep1	0.8549265468986229	0.6328885960899749	0.8495990111514515	0.32538641465977364	0.6852674065168416
A17C_Medtr1g115475_rep1	5.152629628037802	4.308156975114762	5.043752779031871	4.164142648848307	4.757965527935314
A17C_Medtr5g082940_rep2	0.7245047580870836	0.2746095560960909	1.0806576633452252	0.0	0.5782141654724542
A17C_Medtr2g100740_rep1	0.6675137134140611	0.0	0.4874863493485363	0.0	0.2322514235371705
A17R_Medtr4g050400_rep3	7.873265687170359	7.303114032512666	7.682465615544954	7.08750880874236	7.579016680906808
A17C_Medtr2g026550_rep2	2.952768421811918	2.3554861821550066	2.9405426480985155	2.234910016043949	2.928086020123009
A17R_Medtr8g023720_rep3	4.311309348086219	3.9401980790252	4.375062606984725	3.806289682545416	4.349742699451406
A17C_Medtr5g037930_rep1	3.528404620038648	1.9026524711960813	3.154561607132877	1.2014247597792	2.8808813972376512
A17R_Medtr6g092790_rep3	6.079065158998993	5.033496419264288	5.888223703980947	5.275901002939539	5.7578588854534924
A17C_Medtr4g011670_rep2	1.3410369178350672	0.9595228855149344	1.4781952579391662	0.405992359675837	1.0021624211506208
A17C_Medtr3g102530_rep2	2.7977047520238845	1.8748625265558247	2.6244908649077936	1.7531766273221232	2.7347276820225206
A17R_Medtr3g022830_rep2	0.2566081366743607	0.12432813500220175	0.33151414371656035	0.07860983469636648	0.27222230507004425
A17R_Medtr8g086050_rep2	4.345798487386249	3.993281861501603	4.423085087491165	4.01625858486379	4.233018828140924
A17C_Medtr7g112963_rep1	1.9238464255134404	1.1913520843950636	1.7138424227435805	0.9759969576164432	1.8547935979936867
A17C_Medtr4g106370_rep2	3.1597906243086	2.7000697489017544	2.925936141070264	2.6625093528647	2.8417048103824434
A17R_Medtr0005s0110_rep2	0.27818304226824303	0.13881446890228188	0.2884570027137008	0.07860983469636648	0.1995414822084106
A17C_Medtr7g109280_rep3	3.7727654315894674	2.9471674073710914	4.0193164327065345	2.843313913671353	3.713329229898968
A17R_Medtr8g059170_rep2	0.06488285158485439	0.0	0.040307988653537005	0.0	0.023846741954367662
A17C_Medtr2g009190_rep2	1.7663831410012982	1.0410092906397468	1.3906676855596674	1.051720116447328	1.4180999735130515
A17R_Medtr5g024800_rep3	0.5649471668137682	0.3033423944873308	0.4833643607133496	0.21619615537254214	0.5207155771733809
A17C_Medtr3g117880_rep2	2.9863502527964263	1.8379432418910269	2.6420853975498217	1.6816741417928334	2.6605331620987647
A17R_Medtr4g133515_rep3	4.584020433944762	4.09769506373552	4.343976260067535	3.9656303889831435	4.357200084860054
A17C_Medtr0775s0020_rep1	0.5187029820445401	0.11813819888300373	0.6489255594531212	0.0	0.38294386956899057
A17C_Medtr5g069230_rep3	0.453824829784413	0.0	0.5383726125319247	0.0	0.2469147404705168
A17R_Medtr1g093680_rep1	1.4943302665516967	1.3506858223462657	1.4555792931416909	1.2205363342577615	1.4345615118726076
A17R_Medtr2g038220_rep2	0.2166100687424417	0.0	0.14578612869505675	0.0	0.07633105513415044
A17C_Medtr1g043760_rep1	6.805391349403392	5.255551088117445	6.255727316669657	4.99676534073332	5.7053328746678975
A17R_Medtr5g065580_rep1	7.865727085650757	6.502457907698082	7.412366606189356	6.226771818178643	6.962614570438952
A17C_Medtr7g096510_rep1	3.9287177282690537	3.4802651220544627	3.892002368841848	3.5432071505531297	3.835351462601338
A17C_Medtr7g105570_rep1	1.3246186152585275	0.30490038064402264	1.4277849343261326	0.0	1.2632347662314338
A17C_Medtr3g085030_rep2	1.085198013405477	0.0	1.2232165830503148	0.0	0.8945267702573945
A17C_Medtr7g108775_rep1	5.289699236912199	4.317714085929982	5.6464603071369375	3.7765251514219123	4.751356596974613
A17R_Medtr5g041330_rep3	2.387270623086234	1.5208831667700018	2.3063594662023217	1.7497487788644956	2.0713050340731334
A17R_Medtr3g084950_rep3	2.05866283937856	1.6641794025591914	2.222392421336448	1.4927932133884907	2.048352452328245
A17C_Medtr1g022235_rep1	3.4843959625026666	3.318991628550694	3.401357409890277	3.2989026537886392	3.4393571784742565
A17R_Medtr1g016330_rep3	1.3142131297593571	0.7581610186806959	1.1105859674119436	0.8747314022620847	1.1600596483161083
A17R_Medtr4g113670_rep2	2.693394027289567	2.2863883399128704	2.7188182474559466	2.243669080966863	2.5803867176052635
A17C_Medtr1g103750_rep2	1.294155090636539	0.6294731967869488	1.3587713289133716	0.4761224198801521	1.3091761874785144
A17C_Medtr5g086310_rep1	1.5647846187835257	0.0	1.1137004991647284	0.0	1.0588936890535685
A17C_Medtr4g022760_rep1	0.8046043110415693	0.26263360154148435	1.011734159966072	0.0	0.6226180454657936
A17R_Medtr8g096160_rep3	3.0624095773118865	2.58295736483078	2.8331599669261385	2.2912106137163044	2.6980702738952598
A17C_Medtr0022s0280_rep2	3.616396908657789	3.390300820957337	3.5705843648917663	3.301294981009143	3.5652722079418497
A17C_Medtr1g050542_rep2	2.8256499656995984	2.712669142173973	2.8561225360398383	2.671066871964447	2.8307961658013414
A17C_Medtr7g099120_rep1	3.6353287547380484	3.37684601401632	3.6405438094981455	3.3741121004193584	3.4918530963296748
A17C_Medtr1g079250_rep3	2.9889572962979143	2.9194672145394587	3.0350959978967325	2.848130483245096	2.954010144177069
A17R_Medtr8g103390_rep1	0.8073549220576041	0.269033146455237	0.5387036957326634	0.2777864250723736	0.5277376320282061
A17C_Medtr7g062930_rep1	1.37832665049357	0.3391373849195853	1.7202784652333272	0.0	0.6825732973475784
A17C_Medtr8g066470_rep1	3.045501217931609	2.692427198089708	3.0279796955835088	2.631492364423601	2.9003999189827967
A17C_Medtr8g081510_rep2	7.0533032484866975	5.5982063794258785	7.356830476700624	5.579260617493873	6.646585109822258
A17R_Medtr4g130370_rep3	3.542959619232954	3.1562887394494568	3.537006090626936	2.929475413108154	3.5044509028543813
A17R_Medtr8g099485_rep2	0.2566081366743607	0.0	0.15833702716710066	0.0	0.0922074380970889
A17R_Medtr1g059670_rep3	4.3435736397844495	3.515594720061774	3.90130136195475	3.457725607110753	4.0283333984515135
A17R_Medtr2g046160_rep3	3.772906158298764	3.559369442023753	3.914755849671647	3.4054478437075355	3.787293147724631
A17R_Medtr7g063650_rep2	4.0798616309058255	2.9836776946980668	3.671444353073089	3.1429579538420427	3.6056918631928636
A17R_Medtr3g023720_rep1	7.907914145163944	7.4359924442122365	7.7525947349748225	7.194651807955644	7.477766360082003
A17C_Medtr3g078490_rep1	3.3193289038394047	1.4469619630776074	2.449957483628004	0.30139254280399985	2.355298233347954
A17R_Medtr8g016150_rep3	0.7899378689801948	0.42903564531984345	0.7107605238188122	0.24366908096686266	0.581752944245266
A17C_Medtr7g107560_rep2	3.4927932133884907	2.621368147149893	3.1954000971865426	2.3626101536903703	2.8567865462880806
A17R_Medtr8g096840_rep3	5.484514119784605	5.105678077894537	5.4872826734930396	5.135767420199946	5.408836382063591
A17R_Medtr3g118090_rep3	3.623632791106522	3.4707537627913885	3.6567632997383455	3.2690331464552367	3.481385059741346
A17C_Medtr3g460760_rep2	4.68161792595941	3.629084571123718	4.4152629027697925	2.6821237896197205	4.520338429386236
A17R_Medtr8g023100_rep3	6.701419678027888	5.735801952133236	6.761431556924522	5.4345726313808775	6.5239487137513255
A17R_Medtr1g096260_rep2	0.4474910365048033	0.2509615735332188	0.388465097283154	0.2598248493579038	0.34103691783506696
A17R_Medtr5g088215_rep1	0.5176956306425826	0.21743753939368324	0.5476143419488522	0.0	0.39615948907315457
A17R_Medtr7g090350_rep3	0.8117450206628195	0.5531966445083141	0.7745586697064392	0.41106462270392025	0.7308935146828062
A17R_Medtr4g021715_rep2	1.7085551296962682	1.2003787979840264	1.5474498291439658	1.1409967337880311	1.3326602010051265
A17R_Medtr7g023060_rep3	5.5472647298120465	5.1731540905706845	5.766029703864644	4.9523180333937225	5.3934390827770855
A17C_Medtr8g068120_rep1	1.5390347029707545	0.3516283291027824	2.1862892511569854	0.3703503027235492	1.5857637754103953
A17R_Medtr7g105780_rep3	0.6132173060290294	0.3234661494476312	0.666908047980779	0.1252102475585056	0.3836812552435606
A17R_Medtr3g105860_rep3	7.068774695870374	6.743923318398656	6.9972510022065855	6.579039315934392	6.8723198694947625
A17R_Medtr7g090190_rep1	1.063502942306158	0.7949356628035361	1.048003624188511	0.5453094537977029	1.0262098793228491
A17C_Medtr1g032190_rep1	4.666491505451282	3.952954748312927	4.270977378909498	3.8729928793281214	4.3137537535850585
A17R_Medtr5g097970_rep3	1.0664910793628617	0.3134393592710369	0.6762674082658898	0.2248634953762949	0.636914580355878
A17R_Medtr1g026078_rep1	3.987987783864678	3.806461548578629	4.138486844274806	3.7954206372497774	4.008510792651893
A17C_Medtr6g007090_rep2	2.3170145740214454	1.6708403358815618	2.4947569353037764	1.1613502657043029	1.7511780389783107
A17R_Medtr7g021820_rep1	2.00611846138338	1.5668963160058484	1.8791829559700293	1.5857637754103953	1.7605758093488515
A17C_Medtr6g083240_rep3	1.2789759497028157	0.7504635859151835	1.2060180040208954	0.8903818364214541	1.1579060503032863
A17R_Medtr5g095660_rep3	4.31655608914597	3.6862390441928152	3.9983459641265218	3.5791399117605964	3.905607629725045
A17R_Medtr8g037260_rep2	2.268334577266046	2.072220159407267	2.260326813470302	2.043461166425843	2.2532833727217043
A17R_Medtr4g083140_rep3	1.6157301654335603	0.41106462270392025	1.292781749227846	0.5430008774024255	1.2432628596377286
A17R_Medtr6g007165_rep3	4.3065782018159515	4.225249218650998	4.2899819724667205	4.1280733941407854	4.26168124483959
A17C_Medtr8g074270_rep3	4.945560885993885	4.248256511638753	4.752481004456373	3.9908036265752815	4.529133785267363
A17C_Medtr2g035730_rep1	2.238684970746304	0.0	2.124107522563376	0.0	1.1056780778945372
A17R_Medtr7g056510_rep3	4.123114348900563	3.8232058699869502	4.1320558210854434	3.7974972545945334	4.011346543104732
A17R_Medtr7g039540_rep3	1.6031218698399965	1.1563966165976651	1.4979103683426502	1.0593552776164208	1.3946970509946683
A17R_Medtr0783s0010_rep3	0.3810987548004298	0.050095329004058116	0.4527711267253588	0.0	0.3130523183456066
A17R_Medtr0202s0060_rep1	2.7191834404817894	2.2141248053528475	2.6994035650891943	1.3499313733601146	2.3215433249048467
A17R_Medtr1g043000_rep1	4.0783536516111	3.9291597594495515	4.029541229379716	3.943296242037256	4.044102636371122
A17C_Medtr4g064883_rep1	1.6083361503476612	0.5505723690400334	1.092207438097089	0.0	0.766383141001298
A17C_Medtr1g048630_rep2	3.023728483415763	2.1337826970352443	2.5864044748950623	2.0164963198961963	2.7123756728806727
A17R_Medtr4g086320_rep1	0.7581610186806959	0.460829917792934	0.9163492485225038	0.18861192205015148	0.5277376320282061
A17R_Medtr0110s0030_rep1	0.4197186553967521	0.16949747290432254	0.3165319543264188	0.08451787115627016	0.2285621885766544
A17R_Medtr4g104430_rep2	2.0983970982993467	1.6179253327489869	2.0612001564367377	1.6962906334053385	1.9107326619029128
A17R_Medtr5g007810_rep1	4.383865542788154	4.144182363870557	4.4133232808990615	4.094545748656797	4.347098670622269
A17C_Medtr5g031290_rep1	1.6328885960899753	0.0	2.0693584632238227	0.0	0.8215741694840157
A17C_Medtr1g025950_rep1	4.5285088090659045	0.4750848829487829	3.990047219573794	0.0	1.9876846775667607
A17C_Medtr5g092700_rep1	7.004265418141061	6.7731172226277625	6.979834817786763	6.824971465456227	6.957585761614058
A17R_Medtr2g090705_rep1	3.7741017814206304	3.437893526474169	3.6584780948223616	3.2896869428049804	3.4763384795215617
A17C_Medtr4g118610_rep2	3.170138718210482	0.30022136559919504	3.3093702415565383	0.0	2.048003624188511
A17C_Medtr8g099765_rep3	0.8872653022678885	0.570462931026041	0.9045804349213172	0.0	0.6047039459288941
A17R_Medtr4g064987_rep3	2.738407568340113	1.8173503815808103	2.5025003405291835	1.8642026560910203	2.4198085289392752
A17R_Medtr4g129850_rep3	3.936685046642969	3.7095112144319735	3.957481291814624	3.5326078797331983	3.762951141762512
A17R_Medtr8g059275_rep1	1.3070398681206916	1.144481506112507	1.355955947077554	1.048003624188511	1.2706286069892954
A17C_Medtr4g078740_rep2	3.0491079574123416	2.464494017949438	3.097161288898564	2.3416062903508656	2.8491986517647034
A17C_Medtr6g036573_rep3	3.0749620576812218	2.457244059399533	2.793341026509775	2.4680619237807377	2.717064032983997
A17R_Medtr5g066840_rep3	5.014399930128137	4.813097084729966	4.92283213947754	4.735323594492732	4.980817437421288
A17R_Medtr3g079860_rep1	0.7125224149894187	0.2273303441521148	0.6768691580309804	0.08451787115627016	0.5163514003651423
A17R_Medtr2g015870_rep3	2.4195388915137843	2.227741075839128	2.478885542660894	2.214332074233441	2.3991710938198234
A17R_Medtr8g468760_rep2	0.8477297160660133	0.7116417383677749	0.8356546382575347	0.7547450067274407	0.8199406214239747
A17C_Medtr1g043430_rep1	4.365972427593384	4.044714682639605	4.355650617278015	4.051343096704068	4.245546368207533
A17C_Medtr5g006740_rep1	0.9637207174360264	0.2485348361386787	0.5512288855659879	0.0	0.5798237774221835
A17C_Medtr4g024265_rep1	0.6097549621724434	0.20622644078220434	0.6185519104096024	0.0	0.4702331535209685
A17R_Medtr4g076140_rep3	0.9789277763813988	0.8150288499430254	0.9219440538595371	0.6341285575250407	0.9201662408916341
A17R_Medtr2g036390_rep2	4.355462689893118	4.180810907065005	4.2696067182101185	4.097975918556701	4.242526291816552
A17R_Medtr1g082430_rep2	0.8302553241676829	0.6103850976010632	0.8172139242583266	0.33266020100512633	0.7308935146828062
A17C_Medtr5g068060_rep3	2.9716508420228323	1.7095847331743588	3.104336659814736	1.243872148746899	3.0503275535584247
A17C_Medtr3g062490_rep2	2.9669226027505684	2.415398127962358	3.1571515308579268	2.3821138599339253	2.9817917787969828
A17C_Medtr7g086610_rep3	3.7139523688924863	3.2704791074944146	3.566003282835341	3.3339007365534385	3.6161224046466804
A17R_Medtr5g006880_rep1	0.5736976746253419	0.269033146455237	0.5476143419488522	0.0	0.5163514003651423
A17R_Medtr4g095360_rep3	5.714382910651407	5.469571274713662	5.768334321968004	5.208218097949018	5.665970658107855
A17C_Medtr8g076940_rep1	3.2424500736777015	1.7053144410863783	3.3746685705008512	0.3939652756602425	1.9409810715660936
A17C_Medtr7g106660_rep1	4.4717944180715845	4.116531109536118	4.562262779563059	4.0218646316338775	4.270304671834748
A17C_Medtr3g068125_rep3	2.824360542287712	2.295527125966663	2.5371303733912347	2.051372101721026	2.514080167797632
A17C_Medtr2g022770_rep3	1.9449833490620991	1.8004685364723645	2.0290405441437485	1.631181907129334	1.8415706373955167
A17R_Medtr6g082700_rep2	3.4531224465958124	3.25055740066578	3.381698675977617	3.2804614775919783	3.358443150659094
A17R_Medtr8g104080_rep1	1.2493442022417518	0.8092772341886326	1.0703893278913978	0.8207576266600924	0.9978343327818856
A17C_Medtr1g103600_rep3	3.0195833156475542	2.7592268657808328	3.058720555260426	2.74867590379394	2.886680201867016
A17C_Medtr0034s0060_rep1	7.511765829004396	6.9496283083149875	7.428449509544027	6.7856595256752765	7.391403999317531
A17C_Medtr2g030480_rep1	0.6294731967869488	0.09130490754473344	0.946106992004798	0.0	0.4393571784742568
A17R_Medtr2g014900_rep3	0.14795788138710142	0.03186566588377629	0.10030490579568548	0.051024003024466885	0.11236652307256316
A17C_Medtr4g076430_rep1	4.920198006770575	1.0815668772028837	3.1882954143065385	0.0	3.1909835193929235
A17C_Medtr4g485530_rep3	0.5964581395589856	0.0	0.3862591411333461	0.057508036594665565	0.2769928634237135
A17R_Medtr8g095460_rep1	1.8206214912468388	1.6147883559946807	1.9785617494757468	1.5262357805979156	1.8249714654562263
A17R_Medtr4g125300_rep3	8.358699546298983	8.133395700211231	8.397522049273697	8.018061050114445	8.231539610695123
A17C_Medtr4g028080_rep2	5.2420562158009885	4.627704103933893	5.4203251931867085	4.4343391037076305	4.763730249516229
A17R_Medtr3g094850_rep3	4.184809238528292	3.9291597594495515	4.136656238134782	3.660951428260117	3.9493792940890993
A17C_Medtr7g055710_rep2	3.549299517470621	2.307525673102515	3.2314836105149727	1.673104097590174	2.4364283880525552
A17C_Medtr7g090680_rep1	2.713329229898968	1.253989266230787	2.2822420942974446	0.8707921214650343	1.4717944180715832
A17C_Medtr1g030450_rep1	3.5853231294046712	3.0696448884150374	3.4070807754505013	2.9096451148724918	3.380683278568641
A17C_Medtr8g092180_rep2	3.9493792940890993	3.407579358387956	3.973335750476608	3.432825818217176	3.6633825745374446
A17R_Medtr7g114365_rep3	0.8313368047587231	0.3983503703459648	0.8557239831460407	0.08133962745193878	0.6263612563204501
A17R_Medtr1g007220_rep3	0.21950414201162155	0.050095329004058116	0.30645668612492233	0.0	0.2448870591235345
A17R_Medtr8g087680_rep1	4.3598022605484825	0.0	2.5147534984397533	0.0	2.3243305851026665
A17R_Medtr2g005070_rep3	1.059586016527891	0.9002066793297494	1.0971612888985642	0.787711057747605	1.0845178711562702
A17R_Medtr3g109380_rep1	0.9708536543404837	0.7334989644464269	0.9488499961065108	0.7404239139386172	0.9503439848912686
A17C_Medtr3g466410_rep2	4.272122750500713	3.8602675949199248	4.135534869761189	3.9327541235847567	4.0807145060016365
A17C_Medtr2g011680_rep2	1.0958119247713047	0.5932740838836491	1.1538053360790357	0.30956426953623845	0.6864631753717783
A17R_Medtr1g090150_rep2	1.305873268293602	0.5811101752255496	1.4561052163655317	0.19408705211630253	0.8849234755533074
A17R_Medtr2g019345_rep1	1.6140030448649043	1.0088693004294813	1.5703010033036768	0.8370013153280501	1.3858911536193272
A17R_Medtr1g101870_rep3	1.751606541047959	1.6684217350789183	1.7398481026993275	1.619178216059069	1.717502786611249
A17C_Medtr4g017030_rep1	1.6409293609691844	0.7779281419447039	1.3173040683619148	0.0	1.3988975712024732
A17C_Medtr1g090170_rep2	2.03738222200308	0.7186721443578534	1.6515301176601458	0.0	0.7204244057565297
A17R_Medtr0249s0070_rep3	5.641536395675013	5.4340944151183965	5.6430480542527555	5.407330088457472	5.587004872357175
A17R_Medtr3g076650_rep3	3.077186019330135	2.8574502510616617	2.9948210582813632	2.8934269331810962	2.9703628582680888
A17R_Medtr5g089970_rep1	3.2286134926089813	2.9768523949619268	3.2565578185870256	2.9669226027505684	3.190614860209497
A17R_Medtr1g076720_rep1	1.2690331464552371	0.7723079749584034	1.3209659774519786	0.8549265468986229	1.114144883902845
A17R_Medtr5g058700_rep1	0.7706176466562031	0.3118905721755506	0.6412377279770676	0.36550591342896654	0.5811101752255496
A17R_Medtr5g006340_rep3	7.724586611318827	7.0716375490870345	7.4449348089162815	7.051705617509693	7.3236072559152605
A17R_Medtr3g048920_rep1	5.634622307908742	5.241331744778479	5.484514119784605	5.236301266827087	5.547676029414532
A17C_Medtr6g052750_rep3	0.18353944671310315	0.11281131883402967	0.17887395816979546	0.08633087176041962	0.16392804192475868
A17C_Medtr8g442650_rep3	0.2610292699434171	0.0	0.12961273813046964	0.0	0.15531748195172726
A17C_Medtr4g015610_rep1	4.4968883883417865	3.8110599477400804	4.475409193401061	3.986198535489613	4.327471805985408
A17C_Medtr4g099060_rep2	4.4561052163655335	3.480049649715792	4.643990835028529	3.1644644993886013	3.791605724704552
A17R_Medtr8g027255_rep3	5.891905188211932	5.539665475226019	6.142134293765987	5.5513724587403015	5.888223703980947
A17R_Medtr5g018250_rep1	0.08814159686901757	0.0	0.05658352836636753	0.0	0.07724299893246035
A17R_Medtr2g015590_rep1	2.602805246324869	2.279372240061272	2.5437433227610646	2.1965021322639977	2.4951834779083346
A17R_Medtr0246s0040_rep1	3.7443764071208254	3.298120625763452	3.604980630960666	3.066031768616897	3.297338173601829
A17C_Medtr3g047950_rep1	0.6894482685966817	0.3516283291027824	0.5782141654724542	0.3299846497584209	0.4895429356424735
A17R_Medtr1g103570_rep3	4.189323810694449	4.084857982361544	4.1925361202963245	3.942107834791504	4.09257392991689
A17R_Medtr4g060510_rep2	4.372859257405931	4.229869871830565	4.364712492976603	4.129255536777709	4.264736582919559
A17R_Medtr8g081040_rep3	6.471485551873367	5.188849257297823	6.244576318659319	5.498176390197743	6.030725983028033
A17R_Medtr0180s0070_rep1	3.206799486647061	2.366252263699564	2.9247966714745663	2.161995141692492	2.66471037684349
A17C_Medtr5g088980_rep2	4.3807294485035495	3.727339630222049	4.127578255982436	3.006417719830156	3.8835882347289465
A17C_Medtr1g099390_rep2	3.05067582031712	2.4835363455786528	2.9300434157125737	2.4015394534288017	2.6457016585788344
A17R_Medtr8g090190_rep1	4.8010206585766495	4.6360251855265115	4.711953706158132	4.588224910519432	4.715289376344801
A17R_Medtr3g081440_rep2	3.2791245713440937	3.0632152950036624	3.1860779137156223	3.028981628572902	3.20659113266744
A17C_Medtr0085s0010_rep1	4.3375921707218925	3.9131606890296142	4.240797691134349	3.6596582135310185	3.999037882564617
A17R_Medtr3g080765_rep1	1.0556584273145415	0.4078059300477679	0.7177952149168798	0.12653240592893192	0.8302553241676829
A17R_Medtr5g061700_rep1	0.2638356805230329	0.035154664307528005	0.1924046087292567	0.0	0.21495370226785795
A17R_Medtr7g103570_rep3	0.4414834795826449	0.28293396327149883	0.5230600617952494	0.2562055428274929	0.3836812552435606
A17R_Medtr6g042240_rep1	4.920198006770575	4.374228049387948	4.864846454770912	4.1932723636123725	4.525526029149094
A17C_Medtr3g013450_rep1	4.123114348900563	3.75232042845967	4.139360344666821	3.5892041944635737	4.184809238528292
A17R_Medtr1g022300_rep1	1.1061249402307376	0.0	0.6266727526059934	0.0	0.4453735776498027
A17R_Medtr3g005060_rep3	0.2967021185991888	0.0899500521868504	0.22321658305031453	0.08133962745193878	0.2797684215935949
A17C_Medtr1g031650_rep2	3.5788179804232554	1.4137745885139943	3.3397550074911035	1.051720116447328	2.350780100734856
A17C_Medtr3g070010_rep2	2.6383055768070927	2.536301619323817	2.6980702738952598	2.506314193644066	2.6384600492137813
A17R_Medtr4g124560_rep1	2.3241385330468867	2.13586316536868	2.4019944618032447	2.020057652341253	2.2188844720009966
A17R_Medtr2g460760_rep1	1.9489745542797707	1.2598248493579038	1.6375329665809002	1.3410369178350672	1.6851178656987869
A17C_Medtr7g094710_rep2	3.1228935507610296	2.491682100117446	2.8350482232207934	2.4459032337926505	2.778348773185612
A17C_Medtr7g060080_rep1	2.654741034767321	1.7272670107349122	2.3458694366936306	1.3213509014246163	2.58295736483078
A17C_Medtr0180s0070_rep2	3.424384671538096	2.995122669103629	3.765499385757064	2.8155754288625725	3.3083997100427154
A17R_Medtr8g018130_rep3	1.664937877441752	0.4386477144614892	1.3257701611817567	0.3440709779247004	0.8207576266600924
A17R_Medtr7g055600_rep3	0.6390777734967739	0.4973994688363177	0.6328885960899749	0.5317349424798598	0.581752944245266
A17R_Medtr4g107230_rep3	6.378378676479484	5.818023950484674	6.134706959574455	5.678466338113951	6.1300728479857325
A17C_Medtr8g096740_rep2	5.1820831016243725	4.563402220588804	5.288186275119231	4.505552229167094	4.911835364910601
A17C_Medtr4g051410_rep2	1.0386702903853662	0.5512288855659879	1.0708472536342963	0.6285403192627603	0.8760421092123178
