gene	0	12	24	48	72
A17R_Medtr8g102530_rep1	5.126477340181835	4.915855483067841	5.276732380866907	4.626536481256638	4.8340369647101085
A17C_Medtr7g097200_rep1	3.7443764071208254	3.450661409009565	3.7327395275316846	3.361253687683984	3.5945087395352884
A17C_Medtr7g017900_rep2	8.223852089365758	7.709081514348528	8.13924095199112	7.4508950583019615	7.69990554465505
A17C_Medtr4g057235_rep2	0.5607149544744789	0.2746095560960909	0.4005379295837289	0.1309308698264487	0.2880632003253163
A17R_Medtr1g007390_rep2	4.086529030546649	3.9311156997577874	4.012121672712217	3.7327395275316846	3.8754852042520063
A17C_Medtr6g066230_rep1	4.831826583875324	3.835351462601338	4.992043276171658	2.9991581823387863	4.067782107395681
A17C_Medtr2g084580_rep3	2.4084401414616443	2.3187506693463384	2.470753762791388	2.190614860209497	2.3201958212661253
A17C_Medtr6g022040_rep2	1.3410369178350672	0.8248357271072633	1.6816741417928334	0.4881722039090591	1.1163647566917847
A17R_Medtr2g073470_rep3	0.4625758880422044	0.16048998241054102	0.3751784795896124	0.02290040211007883	0.20246996379571186
A17C_Medtr6g025610_rep1	1.9238464255134404	1.295723024539968	2.2446841341578883	0.0	0.7089964783075381
A17R_Medtr3g023750_rep3	3.238583074709189	2.9979547329522784	3.184703465219773	2.82273014794452	3.030100613209527
A17R_Medtr2g056000_rep1	6.3192747041997706	5.887484653755398	6.215575062570717	5.77352167630252	5.984050023687402
A17R_Medtr2g041510_rep3	3.2265085298086804	3.1315346112687417	3.2460533240919007	3.028333398451513	3.089554646249244
A17C_Medtr7g114900_rep1	5.435728592553168	4.82954516169167	5.592576633972193	4.626789546375812	5.030689204071138
A17R_Medtr1g059830_rep1	1.6342834777980366	0.937093248439808	1.3669982280599733	0.55450699431764	1.0150693217176483
A17C_Medtr4g062100_rep3	3.8925205550067647	3.3033423944873306	3.6183952915047217	2.9452955598968966	3.2207942669709597
A17C_Medtr6g037640_rep2	4.674291152054584	4.45575462218619	4.670462696678063	4.350355799460029	4.527716783683335
A17R_Medtr6g478000_rep1	3.5003346733110687	3.0221902396340656	3.4326031422932144	2.69369138289239	2.943171192627375
A17R_Medtr1g068835_rep1	0.4336716734178949	0.20914139783859165	0.3455856185266986	0.042177370244394566	0.2501531145370616
A17R_Medtr6g018930_rep2	4.556286344674077	4.4449320489421815	4.5147114244800575	4.346082263683173	4.3902549563218685
A17R_Medtr8g103500_rep1	0.8324174752518666	0.6626612554750942	0.870529119907312	0.6172984828408465	0.7756827017390598
A17C_Medtr3g112120_rep2	0.9934932210584156	0.7921612484083307	1.1995414822084105	0.0	0.5028397582559312
A17C_Medtr6g046685_rep2	1.175258445745353	0.9022665690830708	1.2720231890610485	0.3223127622782265	0.7960439363674588
A17C_Medtr1g070940_rep1	3.0513140911039613	2.9384112654483068	3.099070730237293	2.79507424356738	3.010899163433092
A17R_Medtr0151s0030_rep3	4.467344700280561	4.273515889702116	4.4733323456219845	4.198022607617272	4.388442135949413
A17R_Medtr8g104200_rep1	2.05866283937856	1.7741369318108495	2.223113588580102	1.5009719717948709	1.9035525082366558
A17C_Medtr1g111190_rep2	2.527487432003145	2.0114956388378293	2.295527125966663	1.6476982560691191	1.9596465256607776
A17R_Medtr2g017935_rep3	1.1188026780722538	0.911499848861108	1.2420435089178206	0.6678164508070277	0.9201662408916341
A17C_Medtr0180s0070_rep1	3.389658583337509	3.2477756428143723	3.514921782009393	2.5274040223514067	3.1114765199345973
A17R_Medtr8g092180_rep1	3.997322519930076	3.6674758667728153	3.8405639420501614	3.488086489917952	3.681636664813941
A17C_Medtr5g064160_rep1	1.996027123425076	1.5540157525987268	2.002042371636019	1.3472876906082434	1.7404239139386173
A17C_Medtr6g068930_rep2	4.791675176866842	4.4954393429512844	4.8442015044565725	4.170539351838837	4.557369242028642
A17C_Medtr8g032950_rep1	7.940129546955112	6.8237026621494605	7.469272787393423	6.305751693210237	6.8378759818131165
A17R_Medtr5g025400_rep3	0.35614381022527536	0.2931742659057913	0.3669982280599733	0.14578612869505675	0.2170238633934612
A17R_Medtr4g131150_rep1	3.1257061989534702	2.935396883906681	3.183962834842596	2.7045769046248944	2.89736952002622
A17C_Medtr1g484850_rep1	3.295820963852377	2.9844678295536844	3.54901194388709	2.47534433714261	3.0749620576812218
A17R_Medtr6g028130_rep3	6.236811481249411	5.848898309296483	6.071641124100858	5.572465283937189	5.877686999009852
A17C_Medtr1g108820_rep2	2.5371303733912347	2.0979478355348324	2.5461330509205373	1.898401859992193	2.1794048877900694
A17C_Medtr6g013425_rep2	5.64962503867995	5.1636060716706655	5.689038184341308	4.668062378170765	5.127729566227468
A17R_Medtr5g022795_rep1	1.0337460115926314	0.5827165611401951	1.1483918398926711	0.2493442022417518	0.6852674065168416
A17C_Medtr3g058400_rep3	2.9589663736949063	2.671066871964447	2.859969548221027	2.4292142298395847	2.6729532906030617
A17R_Medtr6g024235_rep3	0.6241788971174357	0.3983503703459648	0.563971603805183	0.0	0.17291415902673998
A17C_Medtr7g073640_rep1	0.9637207174360264	0.3153730079198265	1.3391373849195856	0.0	0.7530339627938597
A17R_Medtr3g077080_rep3	5.090091242333946	5.042337907255893	5.14410076885658	4.746115663475376	4.954723650893841
A17C_Medtr7g096890_rep2	6.2408994308809325	5.951494546258288	6.176063415320155	5.575302244696918	5.723294607500143
A17R_Medtr1g050425_rep1	3.609794353701092	2.9844678295536844	3.978134600681837	2.7357387819123464	3.4247429715625106
A17C_Medtr2g091240_rep3	0.5390347029707543	0.20163386116965049	0.4428992746333535	0.046374643406325175	0.23919434300767314
A17R_Medtr5g459020_rep1	0.14839183989267116	0.07267750448666825	0.21246558143115704	0.0	0.05981671854179721
A17C_Medtr7g481600_rep1	4.479532384763863	2.9338243955325622	3.6865005271832185	1.9680292940784792	2.6335862055256234
A17C_Medtr4g011110_rep1	1.6759664392357194	1.2606279081266991	1.5023306017160116	0.0	0.7590137593463793
A17R_Medtr5g037400_rep1	3.6413148094314645	3.4743495092406693	3.6161224046466804	3.272371624044239	3.4902706075027616
A17C_Medtr5g087500_rep1	4.0523289402867295	3.613492363302301	4.1630961384360115	3.472661057756975	3.755243679190556
A17C_Medtr1g044210_rep2	1.4650167019866351	0.8501326508989411	1.3072342097443292	0.6285403192627603	1.0976107966264224
A17C_Medtr2g027300_rep2	8.975541344820495	8.30980676782079	8.821877065889135	7.386103907847072	8.42389326392364
A17C_Medtr4g086510_rep2	5.087137490979662	4.824632095634876	5.198598920716641	4.556674646631683	4.821233999469733
A17R_Medtr3g113790_rep1	3.539655136920405	3.4116974035208703	3.5087666785504816	2.9272011637659765	3.343407822297814
A17C_Medtr1g019670_rep1	1.093560176162338	0.3516283291027824	0.8329575070908091	0.0	0.3932331289604956
A17C_Medtr1g089500_rep1	3.0125090813990845	2.63063844605544	3.198022607617272	2.302952634916977	2.799225488636332
A17C_Medtr6g017235_rep2	3.1309857658535822	2.621368147149893	3.0831566239652766	2.4015394534288017	2.650228426321402
A17R_Medtr8g011530_rep1	3.636914580355878	3.2045059362200443	3.6386145050825536	2.715820172595288	2.9072752629993825
A17C_Medtr1g115840_rep3	6.836597444180668	6.428706322147278	6.7074511671063295	5.720004786954807	6.072291629133523
A17C_Medtr5g032880_rep1	4.404380904247841	3.7172834264768886	4.14931356853312	3.0518940923342903	3.5777309314900805
A17R_Medtr5g097770_rep1	3.699773705184328	3.4946716116475494	3.5870048723571752	2.597173584672031	3.192299390843429
A17R_Medtr3g115210_rep2	3.253182502591204	2.724504758087084	3.1174734135056523	2.005280207341434	2.772800614553728
A17R_Medtr0024s0020_rep2	3.0894416532165354	2.9505928326781534	3.1697646930871404	2.7629865648805763	2.8841420211471527
A17R_Medtr7g059033_rep3	0.7821289457694306	0.606284288995111	0.9277700622932072	0.0	0.3836812552435606
A17C_Medtr5g066450_rep1	3.9114039727992096	3.162210036314306	3.5840805842497923	2.5613668727146224	3.2096093242303545
A17C_Medtr2g008100_rep1	1.8314719328476985	1.1121440737558188	1.5355553333993102	0.0	1.0987339535853595
A17C_Medtr4g024600_rep2	3.886159913337412	3.6922411950930614	3.994398697169786	3.2747089392147117	3.466844606292141
A17C_Medtr4g112440_rep1	9.346209353718008	8.666332903672417	9.125676928779116	6.5904722784292415	8.116420209771219
A17R_Medtr2g020820_rep1	0.33266020100512633	0.2273303441521148	0.4001735666468537	0.042177370244394566	0.13531596451217093
A17R_Medtr4g037305_rep1	2.8427777452954373	2.64347141979221	2.8274803240544566	2.4342946179599254	2.6121165522248826
A17R_Medtr5g049820_rep1	1.5155106199690112	1.2568093914756764	1.5033487351675043	0.9855004303048848	1.0908534304511135
A17R_Medtr1g107510_rep1	5.096346198993175	4.861260639453137	5.003677187717481	4.713219236249278	4.932218689718155
A17C_Medtr7g107650_rep2	0.5008020530571576	0.4541758931858021	0.5109619192773791	0.30956426953623845	0.4200781159793739
A17R_Medtr4g051430_rep3	0.05334307608593645	0.023373649626505084	0.05704585653596705	0.0	0.04684025420297235
A17R_Medtr2g019320_rep2	1.2672361418124098	0.7493197245740804	1.0454429707611672	0.5558161550616396	0.7450221490372645
A17R_Medtr5g093890_rep1	1.6992554824572048	1.3370450059583456	1.7039866038634306	0.9002066793297494	1.2706286069892954
A17C_Medtr7g106900_rep2	3.4544391346865577	3.0275669326073937	3.3397550074911035	2.551967109726736	3.2162996448486383
A17R_Medtr1g076550_rep3	5.858909327676607	5.587004872357175	5.797817134005298	5.4114940399531575	5.735269430801924
A17C_Medtr6g051680_rep1	2.4468737653064725	0.7461694214960459	2.06085442131325	0.0	0.6918319040681034
A17C_Medtr3g087490_rep2	5.69764410162329	4.821233999469733	5.583920177863049	4.64481766601217	5.062985135861326
A17R_Medtr5g083580_rep1	0.8937505017205659	0.4347394137213921	0.7177952149168798	0.0	0.6666051198870908
A17C_Medtr5g026640_rep3	2.5510647844407597	2.1998555325759144	2.757307773683392	1.7683607904417404	1.9859861044521712
A17C_Medtr2g007510_rep1	1.7779281419447042	1.5477788359962212	1.8267349027997144	1.1574749446551094	1.3126651735583943
A17R_Medtr7g007420_rep1	2.802262161293988	2.64723774799236	2.840496804044199	1.8973695200262195	2.3886487747983147
A17R_Medtr2g006040_rep1	4.416997331078469	3.366019070713962	3.806289682545416	2.7872931477246308	3.341226733642313
A17C_Medtr5g091000_rep1	4.806805219234841	4.609892827817434	4.906265292265289	4.371489165515841	4.58131107130888
A17C_Medtr3g090640_rep3	4.250001478025661	4.0623232237215605	4.4098887214800655	3.8242926459636815	4.074676686294496
A17R_Medtr1g067710_rep1	2.8802283872048258	2.56527220794185	3.0072553133915627	2.258317908263868	2.7438739635083844
A17C_Medtr5g058810_rep2	0.7381192887825767	0.33113192221720217	0.7871538174776842	0.0	0.194927538618891
A17R_Medtr0271s0010_rep1	2.6974773042852305	2.5118053539935334	2.6563438174137857	2.2787777636951008	2.5010569236595144
A17C_Medtr4g087750_rep3	4.197026615143549	4.079207418378168	4.1955050891843255	3.6217979218467056	4.000270479963461
A17C_Medtr3g090620_rep2	0.684669150219283	0.444313681649476	0.6458553411399269	0.3223127622782265	0.4052662927048557
A17R_Medtr3g048920_rep2	5.865852846192572	5.652486494918165	5.828902332376791	5.525526029149094	5.6387110316039495
A17R_Medtr8g463920_rep3	5.467399047878895	5.294351175589731	5.376568225425708	5.1586601753464985	5.284427762421285
A17R_Medtr7g088310_rep1	3.6919063292552994	3.6386145050825536	3.7446634392114806	3.3196661002978503	3.5573283927318067
A17C_Medtr7g029630_rep1	5.598752270212232	5.274187101447171	5.457484853346722	5.1028400662975715	5.205027517946943
A17R_Medtr6g011810_rep3	1.0519520796347217	0.7581610186806959	0.9725701269295052	0.6894482685966817	0.8404968040441991
A17C_Medtr2g078650_rep3	3.0538643541841464	2.8742067858777984	3.077186019330135	2.596458139558986	2.807904415509644
A17R_Medtr3g065140_rep2	4.430909681141992	3.970393537914677	4.238735916066183	2.991075836040926	3.89051154602288
A17C_Medtr7g033155_rep2	3.5624256119606232	1.8987887971115536	2.761285273361619	1.2970935702474702	2.329123596291566
A17R_Medtr4g081050_rep1	3.3753175144319973	3.3147448563388884	3.400811141409352	3.2599754569308166	3.3513456417224536
A17C_Medtr3g073240_rep2	4.212154264391814	4.001261806201036	4.196449673487528	3.8553253201192637	4.035711876258653
A17C_Medtr1g100747_rep2	2.168748992970082	2.02986510961108	2.1260918210909105	1.6476982560691191	1.897885782347309
A17C_Medtr1g107435_rep1	3.570989070639732	3.3726735584687613	3.7681490290536535	3.0885939232689887	3.376568225425708
A17C_Medtr1g112630_rep2	1.280956313831056	1.0323359821196898	1.292781749227846	0.6945087949233114	0.8838814422534813
A17R_Medtr8g041580_rep3	2.518115445876417	2.18966644665005	2.5392829085697985	2.000480818215045	2.3581148977352084
A17R_Medtr5g016070_rep2	1.9707309709745444	1.8554582200356111	2.0303360783709588	1.7849227015628608	1.9449833490620991
A17R_Medtr5g013940_rep3	0.3223127622782265	0.10969486482592984	0.3957940185098601	0.02290040211007883	0.2379715473072152
A17R_Medtr7g063890_rep3	0.914309382447932	0.581752944245266	0.8248357271072633	0.30762281447149714	0.636914580355878
A17C_Medtr4g046123_rep2	1.8659188145522123	1.7042817844354865	1.886485115656236	1.3440709779247004	1.5764415156599614
A17C_Medtr4g014910_rep1	1.052647745504131	0.7245047580870836	1.212673088808845	0.0	0.42939279225591387
A17R_Medtr1g083395_rep1	2.4890290638504373	1.8634098938908967	2.0983970982993467	0.8702660703959827	1.4938180974293822
A17C_Medtr4g071660_rep1	2.432157687310552	2.0616610077554265	2.749176678117081	1.7288637956692419	2.230510460366176
A17C_Medtr2g015550_rep2	3.3654125924909417	3.1190241031422743	3.3193289038394047	2.8253786038929314	2.987866548987221
A17R_Medtr7g086930_rep1	0.5926364286065773	0.5021608429300428	0.6986629998858844	0.32538641465977364	0.4618777534818162
A17R_Medtr5g046610_rep1	2.0464910601940334	1.6396952333995822	1.9004643264490857	1.2702299072379977	1.5185351389821804
A17C_Medtr1g115500_rep2	8.556411532378531	7.984583654303198	8.975541344820495	7.684299790064721	8.227670489651768
A17C_Medtr2g069020_rep1	2.369047643455913	1.4101601683824727	2.210700562629804	0.0	1.031395196275534
A17C_Medtr0040s0110_rep3	0.7714630583656511	0.5970941082890939	0.7204244057565297	0.31768997047492564	0.6257380619086478
A17C_Medtr8g061960_rep2	3.7554929507990655	2.4982508675278257	3.0276848769371587	1.5754736969468623	2.4261752824678364
A17R_Medtr3g114960_rep1	4.20006486151431	3.7420780922369645	4.126615000608928	3.1654832193334435	3.924416648193532
A17C_Medtr2g437040_rep2	2.4611792809235644	2.1473066987802936	2.3428391604690524	1.6945087949233115	1.9644602450255075
A17R_Medtr5g048270_rep1	1.8398252520882623	1.7035437197338157	1.8184415757641648	1.388465097283154	1.5629953806659451
A17R_Medtr0014s0040_rep1	1.8398252520882623	1.620117165028684	1.8184415757641648	1.0607391578576786	1.5252336770330437
A17C_Medtr8g083500_rep2	4.163928041924758	3.9352082757738196	4.034743949324733	3.597054368455717	3.805361252007148
A17R_Medtr1g030860_rep2	4.155506388793366	4.0523289402867295	4.166581558367942	4.021183577344567	4.113589381589222
A17C_Medtr3g110405_rep2	4.7630042761134535	4.10279808334919	4.686033560019119	3.2667365763650937	4.243846766837471
A17C_Medtr4g118400_rep1	0.6675137134140611	0.2485348361386787	0.8120189587707136	0.0	0.4792305612063362
A17R_Medtr3g023230_rep2	1.1401242239090703	1.085198013405477	1.2159891541467205	0.7001437503400975	0.9864716151553532
A17R_Medtr3g095840_rep1	1.607231664562189	1.4358063643734158	1.5436608476979647	1.3178828828294138	1.3932331289604951
A17C_Medtr4g023730_rep1	2.2333768106416976	1.2785795504584234	2.215160852105372	0.5310694927259543	1.0838374081104554
A17R_Medtr6g011270_rep1	2.948227043879168	2.7396321142206115	2.8702660703959824	2.3004166278368743	2.720059526763996
A17R_Medtr7g017400_rep3	2.4400662937703657	2.1579060503032865	2.3115031154682697	1.9458573691923595	2.207372304985536
A17C_Medtr1g030850_rep2	5.627188520431272	4.746115663475376	5.941943569954411	3.090853430451113	3.765039618993804
A17C_Medtr3g064750_rep3	4.9811372157254565	4.622481390567739	4.987684677566762	4.033628561758163	4.640871534816681
A17R_Medtr8g103890_rep1	2.9569859246125763	2.521972024874553	2.7253776198909945	2.353417397359133	2.6403895600549454
A17C_Medtr4g124560_rep2	2.7388398796975566	1.9561805899616296	2.7865266647946854	1.6424705373158217	2.102322191196686
A17C_Medtr8g075250_rep3	2.723922556690608	2.6117232222404705	2.719767557111416	2.3161457422933562	2.5178635713960333
A17R_Medtr7g112720_rep3	2.846459885035205	2.655580809652776	2.7977047520238845	1.933446743148514	2.532400085433499
A17R_Medtr4g133900_rep3	5.3011486259452685	4.824632095634876	5.451793568236983	3.484653747733565	4.6101291382763305
A17C_Medtr5g097420_rep2	1.881795115005016	1.0323359821196898	2.1588755672610347	0.5983652053236443	1.6031218698399965
A17C_Medtr4g057270_rep1	2.5135749635059432	2.0145933418252118	2.7656054649748336	1.6562675347942892	2.384970773976699
A17C_Medtr4g116010_rep1	4.728029333099221	4.005759269288685	4.571656587022341	3.8437494038011275	4.2164289962551145
A17C_Medtr4g007490_rep2	0.6403124291484129	0.4792305612063362	0.6012210855849462	0.4179200078119653	0.5476143419488522
A17R_Medtr2g062270_rep1	3.939226577728209	3.7588361466015145	4.0720200253360135	3.6565345063180494	3.8783329849259087
A17C_Medtr2g029520_rep1	3.336331000776464	3.0376165018088708	3.4350506891795085	2.8062553068817406	3.0013819206829035
A17R_Medtr1g092670_rep3	8.427844982062378	8.180625284925696	8.306625286394892	7.6032381125971105	8.030050939868435
A17R_Medtr8g036940_rep1	2.1500180227147334	2.0272720295911206	2.1141448839028447	1.9020092436492504	2.06085442131325
A17C_Medtr2g090620_rep2	2.213813846187749	1.516015147003665	2.3541700260248564	0.9617467885617952	1.7662417765368381
A17R_Medtr4g104440_rep3	5.163163245212816	4.8852326843574385	5.04755292964155	4.508069413086088	4.895189502368166
A17R_Medtr3g077000_rep2	0.11725175028928456	0.07541853452125538	0.13750352374993502	0.03327615487429865	0.09940742829185044
A17R_Medtr1g090700_rep2	3.104336659814736	2.8284961872868224	3.1174734135056523	2.7438739635083844	2.942170406952982
A17C_Medtr6g046750_rep1	4.244278198578144	3.0945738979800548	5.070718476709582	1.7568809618738923	3.4633172860330106
A17C_Medtr7g105460_rep1	0.9234661518107008	0.20622644078220434	1.1669296376831528	0.0	0.5894439178085927
A17C_Medtr2g008400_rep1	1.1824804324683185	0.529404524230844	1.3251945031143106	0.3299846497584209	0.766383141001298
A17C_Medtr5g011040_rep2	9.29708210344762	8.74130180858821	9.456397541290547	7.998560343904544	8.598995373261234
A17C_Medtr4g129890_rep1	0.6675137134140611	0.3391373849195853	0.5594102335708231	0.0	0.2477250157183757
A17R_Medtr7g093290_rep1	3.5927161509308534	3.152724260688704	3.360785644907724	2.8911599191589965	3.2212068634177404
A17R_Medtr7g055913_rep3	1.474219698490536	1.3906676855596674	1.5041966311900818	1.195977458642588	1.3431235194018525
A17R_Medtr8g009820_rep2	0.3799905521796429	0.2260974470189233	0.451013242943973	0.10924910704673436	0.22239242133644802
A17R_Medtr5g096090_rep1	3.885053676811542	3.668383912250889	3.7974972545945334	3.3180275501688072	3.684332521998267
A17C_Medtr3g104250_rep3	1.2728194882621058	1.1744064185297491	1.3557680594637065	0.5443205162238105	0.9903498299662808
A17R_Medtr2g075405_rep1	2.1210154009613658	1.7741369318108495	2.203827597942124	1.5128168252017469	2.077926578685069
A17C_Medtr5g068740_rep3	5.738506651135446	5.221438897074753	5.543784558524601	5.038845847005239	5.202182608169296
A17R_Medtr1g112990_rep3	4.059557176182033	3.9817309017355194	4.0953899895271935	3.825141120434948	3.9378779274183975
A17C_Medtr4g033445_rep1	4.312084261514753	3.64512520312669	4.192273085172913	2.8767624907815565	3.5804269192142524
A17C_Medtr4g101930_rep2	7.3927095306407224	6.746523278472183	7.109635670551598	6.3712045340895935	6.832932197613551
A17C_Medtr7g106200_rep2	3.532150692761084	3.4002191170467584	3.5908015982041284	3.1562887394494568	3.269581785048901
A17R_Medtr1g050550_rep1	0.24812998275005616	0.10433665981473553	0.25419088666866513	0.03562390973072122	0.16005964831610833
A17R_Medtr0460s0010_rep1	0.33266020100512633	0.2497487150835689	0.377401430785794	0.026209879322848628	0.18523225423016085
A17C_Medtr2g094940_rep1	2.3846945455479482	1.7814296606794515	2.104783937772399	1.1433934186931878	1.7728709779083345
A17C_Medtr4g120825_rep3	1.0493984309754247	0.6483120382697782	0.9267585319864652	0.4143159713613844	0.5187029820445401
A17C_Medtr3g005460_rep3	1.6512239429898774	1.5415148394606788	1.746169421496046	1.3132458517875616	1.4599561396541234
A17C_Medtr7g019160_rep3	3.101481998382252	2.812155908321425	3.063963058731965	2.4128718320607287	2.916285546346056
A17C_Medtr1g492930_rep1	2.505044029182661	0.7553149040450982	1.7925777508528988	0.0	0.6384600492137811
A17C_Medtr5g012490_rep1	6.2622890713672765	5.7293896219485045	6.074862184116667	3.911244165202328	4.982932748324696
A17R_Medtr4g020620_rep1	3.4142708638828085	2.993915847300112	3.3307018019533787	2.6353674541584	2.8608966024858367
A17C_Medtr5g029260_rep3	2.8543946777531004	2.7528199395459625	2.859969548221027	2.6814492653149578	2.734438666137167
A17C_Medtr5g017050_rep2	1.0565835283663676	0.5243980586830743	0.8084536997503885	0.3474766858323149	0.5782141654724542
A17R_Medtr3g040410_rep1	4.1552904932407255	3.977615749922692	4.0953899895271935	3.8749608619557447	3.9513080310620485
A17C_Medtr3g071610_rep3	3.681636664813941	3.0498630670634626	4.040278760337997	2.423309237242387	3.3438341716209843
A17C_Medtr8g083280_rep1	0.6492322222326559	0.3391373849195853	0.7025097943979104	0.0	0.2682347540492004
A17R_Medtr2g014950_rep1	4.088650454098755	3.8437494038011275	4.043927718306662	3.2878170192348617	3.6502284263214015
A17R_Medtr4g094738_rep3	3.3386621106471632	3.0164963198961963	3.297778355158528	2.9532031462200297	3.0962618530584036
A17R_Medtr7g114210_rep3	5.269544384499112	5.002537511510871	5.275553419421146	4.7707233502164135	5.004456447764125
A17C_Medtr4g088975_rep1	3.4639711444767665	2.782967640710727	3.4280530351181	2.255500733148386	2.7592268657808328
A17R_Medtr7g085660_rep3	3.597054368455717	3.3557680594637067	3.4855985663575035	3.035682554678633	3.3256742341202568
A17C_Medtr6g007763_rep1	3.1932460756769316	1.7095847331743588	3.3257701611817567	1.3736946069559544	2.0686708106650986
A17R_Medtr8g018790_rep1	2.926948247949772	2.6921295817831568	3.2720231890610485	1.869345019219072	2.5038575325774293
A17C_Medtr0003s0480_rep2	3.0842343838902444	2.4331375067814114	2.882447416431732	2.131479736122165	2.6769443591069124
A17R_Medtr2g009810_rep1	5.725668456509434	5.446212110100546	5.574384124270802	5.2948657718271495	5.4145076624128246
A17R_Medtr8g071980_rep2	0.9585333827046156	0.8458579957986149	0.9345794038572804	0.3917677199559968	0.7787692818232912
A17C_Medtr4g094130_rep1	4.50935803357479	4.112922496350433	4.392637986059912	3.8744691179161412	4.191746871011047
A17R_Medtr8g037933_rep3	1.4862853187402862	0.589124277829244	1.0188715180633978	0.051024003024466885	0.3836812552435606
A17C_Medtr8g031550_rep3	1.9325651696161088	1.8951733417919423	1.972325041557152	1.7095847331743588	1.8379432418910269
A17C_Medtr1g021590_rep1	1.7947970687267794	0.6232425887832911	1.3474766858323153	0.0	0.40308589676203743
A17R_Medtr3g014280_rep3	3.644625422019496	3.3166284911822137	3.5732937280901846	3.149367769530248	3.2683345772660464
A17C_Medtr8g006635_rep3	1.9397280794420928	1.7974280821523132	2.03738222200308	1.5873649909364609	1.7253776198909945
A17R_Medtr0202s0060_rep3	2.8757145440948	2.3755492093978683	2.688926322947336	1.6255822212343525	2.193351224544795
A17C_Medtr2g031870_rep1	3.4042673536003445	3.221567788538409	3.3446391545152627	2.7224660244710908	3.082986377721685
A17R_Medtr2g102273_rep3	0.9703628582680892	0.6659990728120624	0.905094123743155	0.4785404415850018	0.6263612563204501
A17R_Medtr5g006340_rep1	7.420176390391292	7.2086895748903475	7.3215824077883935	6.993145971147622	7.136215316141776
A17R_Medtr1g060040_rep3	1.1643572238529245	1.0183967911618166	1.2043494249239366	0.8280899278273709	0.9720799145425632
A17R_Medtr1g015780_rep2	1.1479578813871014	0.6641794025591914	1.265636923091483	0.0	0.24000896473507025
A17C_Medtr7g077810_rep2	2.7463127664254587	2.624256895389608	2.968152207394071	2.13586316536868	2.482418077297904
A17C_Medtr3g085400_rep1	4.691273592749019	4.4046760941117284	4.6206059590327255	4.165188400687095	4.274236808415233
A17C_Medtr8g012620_rep3	1.2728194882621058	0.5489297694763999	0.9896234583603236	0.12697285625776553	0.3602706224137425
A17C_Medtr1g086450_rep3	2.81625836143906	2.0977231516781427	2.4195388915137843	1.5677076849271212	1.9071470519314568
A17R_Medtr4g022660_rep1	2.6080995459943805	2.5340616024211187	2.6666808578738728	2.36653204553713	2.485684428285272
A17R_Medtr8g012965_rep3	1.6697826969080567	1.5208831667700018	1.5888045670155502	1.069243877223136	1.348043522997968
A17C_Medtr5g097900_rep1	4.109109779490939	2.610227589544693	3.5705843648917663	2.081907684726234	2.751963528910343
A17R_Medtr2g021800_rep3	1.2030967229283942	0.7965977540483056	1.0733632503797448	0.5075832408224092	0.7846435693106816
A17C_Medtr1g080330_rep3	3.8641035846358935	3.635793079282506	3.914341277546389	3.5231855517306037	3.795940071880003
A17R_Medtr8g461330_rep3	0.4625758880422044	0.2931742659057913	0.5307366527104304	0.0699312567521667	0.12917309313517647
A17C_Medtr3g082050_rep2	4.896497908223067	4.013581362839808	4.50292460021196	3.014950341465972	3.956056652412403
A17C_Medtr1g088970_rep2	2.0772429989324603	1.2499509289798827	1.794381206593449	0.7798900393400472	1.4400662937703663
A17R_Medtr4g021020_rep3	0.35614381022527536	0.22938283424206385	0.3751784795896124	0.10254615999957173	0.1574749446551094
A17C_Medtr4g013315_rep2	2.051372101721026	1.4088929789809428	2.164249940339888	0.8378087185993179	1.1416507700852423
A17C_Medtr6g013260_rep3	0.3792512772257831	0.2525771336582473	0.39762044620143455	0.08633087176041962	0.3029526349169773
A17C_Medtr1g019620_rep1	4.3013437627312685	3.9983459641265218	4.208074998607156	3.7061989874297767	3.8713508406340256
A17C_Medtr3g093400_rep2	5.098818155118853	4.532316959332765	4.866759646833248	4.326633217830713	4.571434115876509
A17C_Medtr3g007510_rep1	3.1720073906931603	2.1164756607192743	2.744232869657681	1.4657133195959642	1.9797814781930485
A17R_Medtr1g075330_rep3	3.3171110785895865	3.1120328362338165	3.3880976720829286	2.983312871067121	3.194454825212714
A17R_Medtr7g080980_rep1	6.7180601768795025	5.995039732413101	6.733535118139392	5.774418104105813	6.315439431038487
A17R_Medtr2g028870_rep3	4.576360888893747	4.434872825713001	4.526402730206492	4.106180788291942	4.341226733642313
A17C_Medtr1g016510_rep2	4.161027719582108	3.344307745365024	3.937438559771485	2.511046284941617	3.0800322462651524
A17C_Medtr1g098760_rep3	1.820076821097513	1.1099176920780356	1.9785617494757468	0.37369460695595386	0.8744691179161412
A17C_Medtr7g039540_rep2	1.6149453669368707	1.1896664466500502	1.4318903482861802	0.8538626124544684	1.1285133743335478
A17C_Medtr1g099825_rep1	0.8906412439634438	0.32730412734529346	0.6185519104096024	0.0	0.22198016385660635
A17C_Medtr3g099830_rep2	1.9171134553246347	1.4245638326734884	1.9701173976055	1.0325710827542671	1.410522018156351
A17R_Medtr1g418505_rep1	1.4943302665516967	1.2690331464552371	1.6424705373158217	0.9720799145425632	1.1499096675349243
A17C_Medtr2g086420_rep3	5.603774686463972	5.21263418344892	5.491211756003091	4.83307561211425	5.311164005469019
A17C_Medtr5g016200_rep2	1.673405664280421	1.3402774047662542	1.5964581395589854	1.0953618561228602	1.4234885319721136
A17R_Medtr2g018590_rep1	1.4943302665516967	1.0738202332916709	1.4368725265410824	0.4806098108724659	0.7977047520238847
A17C_Medtr8g028725_rep2	4.032541697270038	3.0702175682577777	3.9763330827823724	2.699107384624001	3.2961636990964336
A17R_Medtr2g070540_rep1	4.909917078498418	4.510814267492638	4.747673833373993	4.345301744513868	4.486113661289801
A17R_Medtr1g015120_rep3	2.518115445876417	2.2387868595871163	2.6001111371556056	2.1059015263641063	2.3711871058513183
A17C_Medtr8g066470_rep2	3.4808682734525167	2.983312871067121	3.2523752875521623	2.6733302785173265	2.888954260588712
A17C_Medtr3g051120_rep2	2.4336716734178947	2.0827025893302493	2.219917107533516	1.7779281419447042	2.0002404291382767
A17C_Medtr2g007340_rep1	2.5657596323648284	1.8109228941095308	2.542010355536609	1.6257380619086483	1.9320611713434248
A17C_Medtr4g009510_rep1	0.8046043110415693	0.3762903833370516	1.1596291858212278	0.0	0.42939279225591387
A17R_Medtr4g101830_rep1	2.4652779730098158	2.3077199493000737	2.6195695190642314	1.9112441652023284	2.2188844720009966
A17R_Medtr1g105900_rep1	2.7221016615342157	1.8467941594732928	2.393873777639544	1.396524867077105	1.8555911077104519
A17C_Medtr4g019780_rep1	7.360440366047504	6.6593109401222526	7.45907089978534	6.3712045340895935	6.768590163541617
A17R_Medtr1g078280_rep1	0.7125224149894187	0.5187029820445401	0.6577924213551203	0.2860925743654733	0.6232425887832911
A17R_Medtr1g069925_rep1	3.437138944018843	3.354546193171473	3.4977826604267013	3.217075579380809	3.326537348139952
A17C_Medtr7g093290_rep1	3.849265386045118	3.5032639181510543	3.69936654585614	3.116808321657889	3.3792974930104163
A17R_Medtr2g029000_rep3	5.11838741444524	4.7440354823249	5.0695303251623045	4.629978253694222	4.847779818052146
A17C_Medtr8g091510_rep1	4.056294498005611	3.9254931209406076	4.089667630432941	3.713329229898968	3.7990527583653164
A17R_Medtr8g066330_rep1	2.8393549796546487	2.388097672082928	2.7375425567977274	2.1791925393880245	2.595742339474399
A17C_Medtr5g089160_rep3	0.2252749298695693	0.0971612888985644	0.17887395816979546	0.0	0.05473273267842591
A17R_Medtr5g032090_rep1	3.4568499462293354	3.239245270343785	3.341226733642313	3.150018022714734	3.2744604685803225
A17C_Medtr4g126970_rep2	3.6205864104518777	3.3296020227727836	3.7120821438784617	3.1916152874755173	3.5184092438696704
A17R_Medtr4g099340_rep3	4.162022005270794	4.04176864995163	4.159844433123514	3.881664619320345	3.9454516399810977
A17R_Medtr3g095900_rep1	5.0268885655270426	4.7769637325422165	5.048279786754167	4.404380904247841	4.735323594492732
A17R_Medtr0415s0020_rep3	0.05334307608593645	0.0172092900322231	0.04077556118749163	0.0	0.014831351401085748
A17C_Medtr8g093100_rep2	2.0404248959945432	1.7936878365407465	2.147523792308788	1.6587065802457066	1.9644602450255075
A17C_Medtr1g032860_rep2	3.5894439178085924	3.3108248157421567	3.690268087575208	2.6769443591069124	3.306310853784125
A17C_Medtr7g111900_rep2	5.512416535972972	5.0804018436724405	5.398589796259249	4.464733604973199	4.9266636646485455
A17C_Medtr4g093820_rep2	4.88339272993496	4.5376688083513805	4.6714632245361125	3.439578814447976	4.054038071703176
A17R_Medtr7g113850_rep1	4.204688511274953	4.094010807133014	4.26498673377776	3.809242929637718	3.9613455040332575
A17R_Medtr3g090140_rep1	2.3571766204903195	2.2141248053528475	2.385615101373521	2.102322191196686	2.1691767433374256
A17C_Medtr8g102650_rep1	3.3100492253513827	3.0120322559319423	3.3687217947722266	2.8717779505179637	3.024437889285273
A17R_Medtr3g056625_rep3	1.170138718210482	0.8715808385913146	1.3257701611817567	0.30762281447149714	0.9784397198676476
A17R_Medtr1g054735_rep3	0.21950414201162155	0.0899500521868504	0.22321658305031453	0.01578299724092746	0.1665012204444029
A17C_Medtr5g025280_rep2	2.4611792809235644	2.336092920501176	2.4602183286672736	2.101986172785737	2.3827594642462
A17C_Medtr3g070330_rep3	4.3407284138732445	4.056699124299357	4.2306897741970735	3.6361799022794847	4.02856915219677
A17C_Medtr4g011820_rep2	5.670708173404306	5.077314220270855	5.761072470788642	4.552909846771161	4.817827880593951
A17C_Medtr8g098815_rep3	3.990591872587583	3.740243997612684	3.8465267461192574	3.4105220181563505	3.641546029087524
A17R_Medtr4g056300_rep1	2.563158130402808	2.4690176674664954	2.55647029020814	2.063733018862086	2.3215433249048467
A17C_Medtr6g016380_rep2	4.363941990909407	4.317714085929982	4.35374672071372	4.243846766837471	4.293909946961096
A17R_Medtr0095s0100_rep2	0.973794929652606	0.6526012175965192	0.8024000401148393	0.09850939213407127	0.5505723690400334
A17R_Medtr1396s0010_rep3	2.4737869116143685	2.1209048453813364	2.4756037446846	1.8760421092123176	2.081907684726234
A17R_Medtr5g092410_rep3	4.803588698308944	3.92318088074018	4.4203251931867085	3.55810433165691	4.05000823515818
A17C_Medtr2g028550_rep2	3.9253032135173855	3.259473370533013	3.971589535530062	3.014950341465972	3.5266948455419755
A17C_Medtr7g009710_rep1	4.0181296886160185	2.5846418661958035	3.6058103678167277	1.1088032114966264	2.062812492405021
A17C_Medtr0598s0020_rep1	1.37832665049357	0.7852017798190536	1.0288048674233208	0.34709867062226835	0.6659990728120624
A17C_Medtr0012s0100_rep3	1.2660368939953175	1.0428777643228269	1.5420103555366091	0.0	0.8663145613770472
A17C_Medtr7g006570_rep3	2.5591654669861743	2.1267526479018635	2.6707648159485013	1.963227488357414	2.251870548701936
A17R_Medtr2g437090_rep3	1.859704566120752	1.6725007750342242	1.8068052192348405	1.5382070424346648	1.7770865113670835
A17C_Medtr0053s0020_rep2	3.0317480628642786	2.479316802951939	3.1289532203860064	2.188928360371483	2.482418077297904
A17C_Medtr8g039690_rep1	4.621563515156272	3.774558669706439	4.146926706480908	3.1756310494807507	3.749891768610477
A17C_Medtr3g465910_rep1	3.9613455040332575	2.5743437539200134	4.01625858486379	1.3159525974987858	1.864994982906847
A17R_Medtr6g007737_rep3	2.768925335563752	2.533812496827667	2.6605331620987647	2.4265331381166733	2.554752552465387
A17C_Medtr7g084810_rep2	4.731853012238795	4.154642612665847	4.599020177391674	4.042060604832904	4.309879509358511
A17C_Medtr1g038680_rep3	4.417289951010223	3.168802468702278	3.9325336748818214	2.334186862566518	3.5940309336497998
A17R_Medtr1g040355_rep2	4.9168428450427015	4.780310099043375	4.9299329882743805	4.700014245331883	4.813097084729966
A17C_Medtr8g088210_rep2	8.630285329265744	8.053518666481812	8.42389326392364	7.374793167200339	7.783282025655688
A17R_Medtr7g105890_rep1	2.0783821186449285	1.4826762161542066	1.7884073055488163	0.9002066793297494	1.5931146964846152
A17C_Medtr7g116780_rep3	0.5823954270173579	0.3950627995175779	0.7590137593463793	0.08633087176041962	0.3029526349169773
A17C_Medtr3g055130_rep1	3.2305616951635217	2.140778655782796	2.6795739302778694	1.5449798832558037	2.1892447293009822
A17R_Medtr1g104820_rep1	4.329530268914124	4.11169907219742	4.212828699757732	3.69543711040537	4.032159631498193
A17C_Medtr3g117160_rep2	2.2097652659741027	0.7993636579646848	1.7999162029890143	0.0	1.2211552953144733
A17R_Medtr3g109730_rep1	0.5176956306425826	0.3196179342001613	0.6768691580309804	0.18861192205015148	0.4099792094558148
A17C_Medtr7g111780_rep2	3.738407568340113	3.3231778890901724	3.5326078797331983	3.1076878693143737	3.4611792809235644
A17R_Medtr8g099150_rep1	4.410454178236551	4.279520820885745	4.3937365197270415	3.9881090085551856	4.215134960002231
A17R_Medtr6g015910_rep3	3.121402278787969	2.689895500336008	3.2111679836741938	1.9378465484521656	2.521720822858615
A17R_Medtr0229s0040_rep1	0.5327325419485985	0.2912106137163042	0.5082596098178682	0.026209879322848628	0.3145998594335368
A17R_Medtr4g063030_rep1	3.0896676304329413	2.9802690810843444	3.043402836830716	2.9445461403531565	3.012866597105744
A17R_Medtr4g107860_rep1	3.2191943402765872	2.56527220794185	3.192299390843429	1.7585874520177256	2.597729796795034
A17R_Medtr1g057130_rep1	1.3714659324022052	1.244481180645435	1.3912178076028974	1.129392932379928	1.3173040683619148
A17C_Medtr1g054100_rep3	2.4006290059412536	2.1885064271840378	2.412329906915352	1.95345150136626	2.0854246562526777
A17C_Medtr5g045640_rep3	2.3333283142310672	1.9305481192478549	2.4292142298395847	1.7307486294162129	1.9421078347915042
A17R_Medtr1g107550_rep1	1.4010843015050058	1.2728194882621058	1.4845678244411489	0.8477297160660133	1.2277410758391278
A17R_Medtr4g126910_rep3	1.2886538636051694	1.1490425329988931	1.3159525974987858	0.9017518723095459	1.2151608521053718
A17C_Medtr0070s0020_rep1	0.7891032175013815	0.4555792931416906	0.9575432007571052	0.0	0.18057224564182084
A17C_Medtr3g104990_rep1	1.5014816079641586	1.0426443374084935	1.4443136816494762	0.7169177521178758	1.273416424360915
A17R_Medtr0331s0010_rep1	2.7667364915727304	2.14860877020522	2.592237750890804	1.5128168252017469	1.9035525082366558
A17C_Medtr4g072350_rep3	5.3823905828734695	5.095446254690062	5.3894750343498705	4.505552229167094	5.106069090007519
A17C_Medtr0062s0020_rep1	4.483686815519207	3.6118018968166807	4.142794620629699	1.0676387168753634	2.5729704894082994
A17C_Medtr3g060850_rep2	3.5853231294046712	3.29709357024747	3.464450452397325	3.18692307779421	3.3782341552192388
A17R_Medtr2g028980_rep1	1.0217166037004324	0.7801700927313737	0.8937505017205659	0.39030082095733737	0.6232425887832911
A17C_Medtr1g025220_rep2	4.4222554304689	1.9692579562553547	3.413864833097948	1.2424500736777009	2.193351224544795
A17R_Medtr4g113750_rep1	2.8113340159477596	2.066031768616897	2.7523917977758137	1.8170774540278043	2.3941482542946293
A17R_Medtr6g007670_rep2	0.5856035560709123	0.21495370226785795	0.5250665920782109	0.0	0.1720607457863035
A17R_Medtr3g021330_rep1	0.2638356805230329	0.197865391353738	0.3165319543264188	0.06027801192410901	0.12079428132864105
A17C_Medtr4g094608_rep1	1.771603912165215	1.4350951516200972	1.9680292940784792	1.2289725697601608	1.646623508476583
A17R_Medtr4g051645_rep3	4.709989019303077	4.621270453224622	4.798292499391615	4.411471442231563	4.528883827274641
A17C_Medtr8g031030_rep2	4.333328314231067	3.789729251375769	4.2899819724667205	3.5220557491609643	3.950623935633687
A17C_Medtr8g017100_rep1	3.816155942159519	2.9222612900551312	3.5544251323128577	2.0174468684668296	3.2179544676449012
A17R_Medtr4g023480_rep3	1.8098259960974512	1.611014957921432	1.9751410127435816	1.1159210553071128	1.600904044590178
A17R_Medtr4g083140_rep2	1.904451984131856	1.5454742108401809	1.9867143092497748	1.3684890006451036	1.6066001499795997
A17C_Medtr5g030010_rep2	1.909197062991688	1.2758017019076715	1.67656831452225	0.5096113972588985	0.9859861044521712
A17R_Medtr5g041930_rep3	4.876991627684851	4.6658285761915534	4.748425451433309	4.483686815519207	4.618865097220968
A17C_Medtr1g069600_rep1	2.7216643045055364	1.2606279081266991	2.249344202241752	0.6028052463248688	1.2632347662314338
A17C_Medtr1g025220_rep1	2.9805128207438005	0.4457267033499842	3.073877345979112	0.0	1.6424705373158217
A17R_Medtr2g435690_rep3	1.859704566120752	1.3779566338101137	1.6976255695380091	1.212673088808845	1.472141136420017
A17C_Medtr8g071110_rep1	1.262834017606388	0.7706176466562031	1.1453513855726198	0.5881649327595001	0.8114710305298359
A17R_Medtr8g027520_rep1	4.362773778886574	4.2851555832447765	4.3238744197187	4.043927718306662	4.212828699757732
A17R_Medtr4g094580_rep3	6.0364667017727855	5.757494464151563	5.9006655812504025	5.6361218854414865	5.815712041242857
A17C_Medtr7g108775_rep2	5.596796032853109	5.143420630882618	5.3787543640161655	4.214176625364739	4.897434062920353
A17R_Medtr7g114070_rep1	1.5497513030336427	1.1475237923087884	1.3858911536193272	0.7294440068336633	1.114144883902845
A17C_Medtr3g099780_rep3	2.258317908263868	2.1496929327578487	2.2885554365172323	1.8573175345314283	2.05866283937856
A17C_Medtr7g084890_rep2	3.7340411747333886	3.238583074709189	3.7731172226277594	2.906056797575593	3.162961915517285
A17R_Medtr2g100510_rep3	5.648446268324653	5.564388331216231	5.739551110203732	5.174832495036356	5.482708480263871
A17R_Medtr8g077540_rep1	4.152507948364903	3.8293083631616534	4.252122940200434	3.733390497931178	4.000030055833605
A17R_Medtr5g059210_rep3	6.480733663303404	6.315439431038487	6.522102841936946	6.161907831608268	6.3770485344822685
A17R_Medtr1g059790_rep1	3.018396791161816	2.391309474219244	2.8299171951575595	1.8372704999618918	2.431444673128675
A17C_Medtr1g105840_rep3	2.1761099700674853	1.860896602485837	2.4292142298395847	1.4423685142959342	1.7853412987051824
A17C_Medtr2g090230_rep3	2.3556741064799938	1.5817529442452658	2.19377174339668	1.2342969293964812	1.9504684141501227
A17C_Medtr6g086280_rep3	2.6927991321557783	2.436872526541082	2.631104282365877	2.218264535713771	2.30343981792937
A17C_Medtr5g008020_rep3	0.9881696170808691	0.8797057662822882	0.9764858410643232	0.4650167019866353	0.8275480705286485
A17R_Medtr3g067940_rep1	3.6555426486698246	3.2081530545531916	3.632229432853483	2.8495990111514513	3.564947166813768
A17R_Medtr7g110790_rep3	0.6666051198870908	0.22115529531447306	0.6939143593809547	0.051024003024466885	0.4671055465227184
A17R_Medtr5g092085_rep1	1.2690331464552371	0.6547410347673218	1.1067949743201349	0.36550591342896654	0.6024885533061698
A17R_Medtr4g032805_rep1	0.5736976746253419	0.269033146455237	0.6412377279770676	0.14186871631133674	0.3010022560328143
A17C_Medtr5g076620_rep2	3.965014642050668	2.7977047520238845	3.8215061418974936	1.9206744110416183	2.390484264919805
A17R_Medtr2g088750_rep3	3.167197333867264	2.947790817216108	3.1259816538547165	2.8542616798234475	3.023373649626505
A17C_Medtr4g109890_rep2	2.696587392645486	2.4506614090095646	2.615573239883736	2.3590525651547294	2.5389519582808235
A17R_Medtr7g106900_rep1	3.4486807427892257	3.22573765346606	3.3548752589864916	2.969135137114183	3.1783428330889194
A17R_Medtr5g081970_rep1	1.6342834777980366	1.0396063455947742	1.3395174916378665	0.7943812065934491	1.0582010291822703
A17C_Medtr3g007600_rep1	2.5982063794258803	1.8396909041772944	2.7713221908128483	0.6372238066009561	1.3651325934525298
A17C_Medtr2g093130_rep3	1.9125221305980464	1.2551985664196899	1.7186721443578536	1.0770150670193726	1.3899338630408509
A17C_Medtr7g113490_rep2	2.9836776946980668	2.358396261956654	2.7477454329194493	1.873550747013832	2.4180099934686847
A17C_Medtr7g111290_rep1	3.0400156788478787	2.1164756607192743	2.9769745589012766	1.2588203968764118	1.877875100707868
A17C_Medtr7g098650_rep2	3.20267891376217	2.5982063794258803	3.18083742256397	2.365785840029636	2.772800614553728
A17C_Medtr3g055310_rep3	2.655199154392517	2.401175343378061	2.596458139558986	2.150451362070965	2.3798981635246923
A17R_Medtr1g081830_rep1	2.6130601068961155	2.567951006649281	2.6474680204050043	2.4951834779083346	2.5771669538610174
A17R_Medtr1g081910_rep3	4.50237303829157	4.3032936802991175	4.565739326301409	4.118110505607366	4.2179286256308215
A17C_Medtr5g010010_rep1	3.728319635696653	3.0638480433820496	3.895173341791944	2.9153296760130094	3.2934685833474067
A17R_Medtr5g091020_rep1	1.92764365978374	1.8547935979936867	1.9785617494757468	1.5469561781414116	1.8043289612858158
A17R_Medtr0202s0070_rep1	2.0413598138342364	1.6913852722991298	2.136738255267912	1.4018124756735948	1.677320305699499
A17C_Medtr1g016340_rep2	2.264436344624787	2.1784490737488507	2.2977783551585285	1.969626350956481	2.1705660567920684
A17C_Medtr4g120990_rep2	3.3509686390311098	2.7422218442339843	3.401357409890277	2.1813146182304237	2.5526229920092782
A17C_Medtr7g058850_rep2	2.8930385551167728	2.5118053539935334	3.6551609833128658	0.5782141654724542	1.860764202628828
A17R_Medtr7g086430_rep1	3.5215533305450952	3.0753614828142437	3.3466260122814124	2.771815167083112	2.959831966014197
A17C_Medtr8g089665_rep1	4.0755326311673565	2.9469803318754786	3.838447592548458	1.9345794038572803	2.222392421336448
A17C_Medtr4g006010_rep2	3.7954206372497774	3.439578814447976	4.0727060837408535	2.1839628348425952	3.1130892465624296
A17R_Medtr8g039960_rep1	2.71779521491688	2.546956178141411	2.6413148094314653	2.063733018862086	2.4532102631975308
A17C_Medtr8g070000_rep2	3.0114956388378293	2.8267349027997146	3.179351803619669	2.6300947801834185	2.796459319557877
A17R_Medtr4g036440_rep3	2.447843644362085	2.2333768106416976	2.4207967685675293	2.1433934186931882	2.3163388612335933
A17R_Medtr8g469180_rep1	1.3334237337251915	0.7282833510664053	1.1329058120115063	0.2706286069892954	0.6381510878589459
A17C_Medtr1g037630_rep3	7.494116884847016	6.480733663303404	7.2971333211146705	5.932439186553471	6.336759446288448
A17C_Medtr8g076300_rep1	1.262834017606388	0.8147554828098739	1.578536231561723	0.0	0.5977297967950339
A17C_Medtr8g020650_rep3	8.730772400653047	8.389637074898431	8.57548504233286	7.7525947349748225	8.223852089365758
A17R_Medtr2g010810_rep3	1.1953475983222193	0.8453227722566243	1.1982845966569606	0.6430865471633058	0.9520850186835011
A17C_Medtr4g085590_rep2	9.114179595696543	8.56785089486787	9.15372512784003	8.121115584638424	8.624772309205671
A17C_Medtr5g091910_rep1	3.043752779031871	2.4779363159944903	2.907659827853289	1.859174455866436	2.4091646132819724
A17C_Medtr8g010700_rep3	3.4703199347800333	3.2387868595871163	3.4323358858089112	2.9948210582813632	3.2149019101606964
A17C_Medtr3g110430_rep1	0.4684964312203645	0.23470568277529955	0.6897464384935557	0.0	0.2322514235371705
A17C_Medtr4g078140_rep1	3.248686626873828	2.9051583219872814	3.241433446871565	2.511468039275865	2.8293083631616534
A17C_Medtr5g086020_rep3	1.9397280794420928	1.226303003055588	1.741143354955316	0.9428585216738772	1.1790863534651201
A17R_Medtr3g082080_rep1	2.6795739302778694	2.5055522291670944	2.7997090234035515	2.190298791626595	2.3705363009241407
A17R_Medtr5g007870_rep1	2.823817282204704	2.603754908481521	2.979171742737081	2.4809544173570592	2.7290814022018783
A17R_Medtr2g093770_rep3	5.0832701103009015	4.967891004080153	5.055369211540486	4.872730278696533	4.965645779289797
A17C_Medtr8g005255_rep3	0.6288513454665928	0.4615285594728771	0.7204244057565297	0.3516283291027824	0.5910410562877602
A17R_Medtr7g033400_rep1	1.2493442022417518	1.1976557430149417	1.267635669657912	0.6962906334053385	1.0540380717031772
A17R_Medtr7g108620_rep3	3.121402278787969	3.002822514976989	3.1752052087837463	2.9213728528592684	3.0962618530584036
A17R_Medtr8g092620_rep1	3.576239940295186	3.393278899016205	3.6495388198410543	3.314503186733337	3.4598250272769815
A17R_Medtr4g068190_rep3	2.0422941262061696	1.6958453800585949	1.938599455335857	1.3919509775035144	1.9035525082366558
A17R_Medtr1g019970_rep3	2.7061989874297767	2.6346707057148167	2.7523917977758137	2.1791925393880245	2.551639056734386
A17C_Medtr2g036063_rep3	1.2789759497028157	1.115477217419936	1.3968901525685842	0.7680784350164552	0.9966297781148576
A17C_Medtr1g011460_rep2	3.1053987186308616	2.9145007424624785	3.224194663970433	2.6020133833921557	3.0229595665399867
A17R_Medtr5g010010_rep2	3.481772528010875	3.2764470364743565	3.484653747733565	3.0189901753847526	3.4096172234945907
A17C_Medtr3g005520_rep1	4.99397621237223	4.296383985908042	4.728265208409058	4.035447960582276	4.497378177430081
A17R_Medtr2g027110_rep1	2.5071603491175227	2.2368497400581155	2.468583317006828	1.8372704999618918	2.1209048453813364
A17C_Medtr8g103900_rep1	3.1220652566455627	2.742581161573116	2.968705187761907	2.5473675657061166	2.893685793818024
A17C_Medtr4g052970_rep2	1.4466091396371383	0.6113297849910695	1.9320611713434248	0.0	0.5849625007211562
A17C_Medtr1g106875_rep3	3.860532473637469	3.7052775732167342	3.8608635036606933	2.8928443268703488	3.4583820041560127
A17R_Medtr4g131200_rep3	1.3610196852763066	1.1932460756769312	1.3840498067951597	1.1159210553071128	1.2554000179372813
A17C_Medtr4g108310_rep3	0.358396261956654	0.21909105824619696	0.3662522636995639	0.0	0.13925118603620207
A17R_Medtr8g070990_rep1	4.4676490204650925	4.3720466480290385	4.434872825713001	4.119051778886655	4.351651883884384
A17C_Medtr8g006190_rep1	2.5225579928704365	1.7592978942642628	3.07056106707866	0.0	1.9126498648972041
A17R_Medtr6g022610_rep2	0.5652722079418502	0.42689090502263294	0.5476143419488522	0.2598248493579038	0.4425454561053042
A17R_Medtr4g111860_rep1	1.1886119220501514	1.0292761823706322	1.3050950106666974	0.5453094537977029	0.8846630377800776
A17R_Medtr3g023270_rep1	0.8676329339817132	0.5284046200386481	0.6768691580309804	0.2363395391683736	0.4939888406736657
A17C_Medtr7g015130_rep1	3.882414808364084	3.2896869428049804	3.8212339994697326	2.5613668727146224	2.99669002974012
A17C_Medtr6g017035_rep2	1.085198013405477	0.7186721443578534	1.005998740621443	0.6091245513951462	0.7398481026993274
A17C_Medtr3g089890_rep3	1.4764680997765918	1.165858355952122	1.5238964552564915	0.9277700622932072	1.4284997590854065
A17R_Medtr5g032720_rep2	4.2384811714747554	3.5940309336497998	3.9969310110812883	3.0353306492274474	3.3035859407581274
A17R_Medtr7g090050_rep3	5.871679397921004	5.73391467722551	5.931289082606693	5.549720503966402	5.725132180881263
A17C_Medtr6g015910_rep2	1.1858665453113342	0.6409293609691844	1.1199094637351967	0.0	0.33036717529185344
A17R_Medtr1g086050_rep1	4.047916403973408	3.8361261182349433	4.024644733638986	3.542959619232954	3.6353287547380484
A17R_Medtr3g114950_rep1	3.792334805706692	3.6785226768834938	3.936999058275953	3.2921436817694865	3.5561432597089744
A17R_Medtr4g072090_rep1	5.297656095975138	5.004860897604578	5.2789387919001065	4.852381773197052	5.1380362388947125
A17C_Medtr4g132020_rep3	4.886241220789706	4.624003385585404	4.906521859757593	4.448548601640168	4.847094940260559
A17C_Medtr1g090010_rep2	2.1191348029344548	1.3402774047662542	2.025383221477924	0.6614455865252284	1.680024233056604
A17R_Medtr7g017880_rep3	3.1148667172877316	2.1915626507007557	2.6649378774417523	1.5629953806659451	2.0505597407385974
A17R_Medtr3g118020_rep2	1.5280711645787357	1.3608324560189042	1.6251145981820525	0.9610058683841364	1.4334936398468798
A17R_Medtr0009s0050_rep1	4.5924371035201315	3.8808487537549214	4.340324886049179	3.3973922691498752	4.168374607333911
A17C_Medtr8g046210_rep3	3.4517606052843686	2.5255677889013475	3.0710189383217266	1.3632645431580108	2.58295736483078
A17R_Medtr7g045502_rep2	1.400173566646853	0.8591744558664355	1.3968901525685842	0.7210080202632301	1.0867837661420665
A17C_Medtr8g077310_rep3	6.146322584138873	5.846476600596719	6.105985310618548	5.599248355384679	5.806418583989737
A17R_Medtr2g436760_rep1	3.18083742256397	3.0614882057620205	3.1300522491897373	2.983981643933552	3.0163180222946733
A17R_Medtr3g077320_rep1	4.408553364167606	4.351981610452564	4.428901692421381	4.135753741799976	4.294424700576753
A17C_Medtr2g036320_rep1	4.016496319896196	1.635522241459754	3.5479844271841894	0.8872653022678885	2.0234919372534224
A17R_Medtr2g013130_rep1	3.5092735691246086	3.2406196293117593	3.4722278029890443	3.0147123515213723	3.28555017999677
A17C_Medtr2g021590_rep1	2.224143202555354	1.6527541669781511	2.1271930310068976	0.7504635859151835	1.0687854421888086
A17C_Medtr7g097160_rep1	5.009153055918426	4.8712029654396565	5.036151628461553	4.68547299983558	4.7419702688385375
A17C_Medtr3g023740_rep1	1.4769864643695891	0.4854268271702419	1.075418534521255	0.0	0.38294386956899057
A17C_Medtr5g096560_rep2	3.2960657830490985	3.0702175682577777	3.259473370533013	2.9948210582813632	3.0885939232689887
A17C_Medtr4g094815_rep2	8.337980115636913	6.776744458648218	8.043258825544212	5.451793568236983	6.165221905840291
A17R_Medtr6g079660_rep1	4.8664959090646756	4.765393298738874	4.816599706534912	4.717868312732662	4.775875806579852
A17R_Medtr8g075610_rep2	0.9679063702901468	0.7592978942642625	1.0454429707611672	0.2990492368623653	0.6780719051126377
A17R_Medtr0232s0030_rep1	1.7494627568491086	1.632423335658889	1.7277026728372382	1.5185351389821804	1.6946573655470862
A17C_Medtr1g100200_rep2	2.97299892617204	2.491682100117446	2.9232759773647166	0.7421499700259294	1.9725701269295048
A17C_Medtr3g098440_rep3	3.536467408227802	3.2998795930783067	3.713695814843359	2.9405426480985155	3.144481506112508
A17R_Medtr4g088545_rep1	2.8100317280109386	2.5844013435287274	2.9232759773647166	2.342175438247348	2.5750702474515488
A17C_Medtr5g055150_rep1	2.6210555032997402	2.249344202241752	2.823817282204704	2.010421805486512	2.279867449979596
A17R_Medtr4g123980_rep1	4.165831563714025	4.028038652083828	4.133152489799726	3.822220271621528	4.07293469739543
A17R_Medtr8g105230_rep1	3.380544759897921	3.1752052087837463	3.342507337526972	2.6612935558553064	2.9156483698314632
A17R_Medtr0003s0690_rep1	1.7787692818232914	1.4667576157261717	1.7233401202511711	1.1932460756769312	1.341606290350866
A17C_Medtr3g087360_rep2	4.860631790620027	4.036122315817861	5.415567141631095	2.7813597135246595	3.3389472939988427
A17C_Medtr4g111780_rep1	0.9525820712434184	0.4114262457264651	1.1056780778945372	0.0	0.8059802720813865
A17C_Medtr5g086630_rep3	0.2817476989528691	0.14969293275784887	0.2355228422652228	0.03749936666157399	0.2297929820887179
A17C_Medtr8g083290_rep1	2.112144073755818	1.7797499922554456	2.259423152281415	1.5778920274693542	1.869213392464646
A17R_Medtr8g011870_rep3	1.7298790121259349	1.5913602719193067	1.779189667929191	1.3705363009241407	1.5492584390394772
A17R_Medtr4g102230_rep1	3.3641054651317566	3.0432861705650134	3.2302542590831806	2.8104431038451745	3.0400156788478787
A17C_Medtr0473s0030_rep1	2.198389378952891	1.3385670370011509	1.746169421496046	0.5139959793670126	1.0438110944804888
A17C_Medtr4g100500_rep3	4.352946804980989	4.247725015718377	4.294424700576753	4.018426466170116	4.183962834842595
A17R_Medtr1g098200_rep1	0.21536797220347947	0.06166100775542682	0.14230451001375596	0.0	0.05981671854179721
A17C_Medtr8g044140_rep2	4.074219974631978	3.0328061450832418	3.5443617354932773	2.604624883315317	3.3296020227727836
A17C_Medtr4g104040_rep2	2.8256499656995984	2.3129555418880225	2.7477454329194493	1.8627489257935297	2.3827594642462
A17C_Medtr7g115690_rep1	4.406060409723769	2.7205703315181355	3.7525345258171736	1.984650106928589	2.506314193644066
A17R_Medtr3g087070_rep1	3.4546146023395217	3.1882954143065385	3.639733815870424	2.6128242760756653	3.0929403286594037
A17R_Medtr3g099600_rep3	2.7366048753142485	2.3705363009241407	2.556633777662661	2.249344202241752	2.4198085289392752
A17R_Medtr1g101870_rep1	2.2460026365190933	1.7786291258955675	2.066031768616897	1.3410369178350672	1.712082143878462
A17C_Medtr1g062470_rep1	2.6346707057148167	1.6628131420932148	2.0946864897810165	0.0	1.2347056827752994
A17C_Medtr3g087950_rep1	3.532316959332765	2.9338243955325622	3.5189547100309087	2.480178936980756	2.8901223822276263
A17C_Medtr5g018750_rep2	1.8919375824825904	1.3952456390135308	1.902909681936804	1.1300522491897376	1.7304588152246219
A17R_Medtr5g042520_rep3	3.4886863809412514	3.2660868825624254	3.4838372697677165	3.1715271060388144	3.366905003605746
A17R_Medtr3g065020_rep1	1.8781367666269475	1.3192325475167186	1.887135300461908	1.098958480088169	1.3587713289133716
A17C_Medtr3g092930_rep1	1.4686701975609404	0.8898628813651787	1.578536231561723	0.7821289457694306	1.229998012294547
A17R_Medtr5g021480_rep3	0.6473912670178723	0.28293396327149883	0.6328885960899749	0.0	0.20872533581959013
A17R_Medtr4g129940_rep1	2.258518924711301	1.744017536682696	2.257513562272784	1.0607391578576786	1.6389233672205108
A17C_Medtr3g026950_rep1	1.7013272574129406	0.4215150633500486	2.013283586818423	0.0	0.7089964783075381
A17C_Medtr8g479320_rep2	2.802262161293988	2.3300802906508213	2.630327804930078	1.5629953806659451	2.2847115328533496
A17C_Medtr5g033100_rep1	5.454483003600579	4.721810104914037	5.481794050974913	3.5177796034630067	4.355462689893118
A17C_Medtr7g101130_rep2	3.6118018968166807	2.9228321394775403	3.5624256119606232	2.560714954474479	3.3509686390311098
A17R_Medtr1g008310_rep3	1.8015725694635984	1.5913602719193067	1.7371098564573009	1.3807294485035486	1.5492584390394772
A17R_Medtr5g015370_rep3	6.617680501919177	6.178880595996107	6.392231545518049	6.007539386472813	6.292511832050287
A17C_Medtr1g075330_rep3	3.0448603696787075	2.8359914253918905	3.078780598150538	2.724868514686396	2.8854442100981736
A17R_Medtr7g067800_rep3	0.27262045466299184	0.14056054480787164	0.2440751879479788	0.0	0.04684025420297235
A17R_Medtr1g032120_rep1	2.5372960670908418	2.4059016212852358	2.520883166770002	2.2069557323872795	2.346342342929513
A17R_Medtr2g006770_rep1	4.9523180333937225	4.709989019303077	4.8081275874554645	4.200901873672613	4.516792614000537
A17R_Medtr4g098510_rep3	3.5503260982992906	3.4664096009998686	3.5972133212217114	3.1997508567158373	3.431712094744113
A17R_Medtr7g080820_rep1	1.0031224578128244	0.7404239139386172	1.0660317686168967	0.6461626571578936	0.9318091061657259
A17C_Medtr4g120990_rep1	3.6922411950930614	2.8956257695127032	3.4401106019057144	2.287078223813451	2.4690176674664954
A17C_Medtr4g052040_rep2	2.6383055768070927	1.9219440538595367	2.365785840029636	1.100977647724821	1.4234885319721136
A17R_Medtr2g438330_rep1	0.3184614651675829	0.1579060503032863	0.3165319543264188	0.042177370244394566	0.2578152445742813
A17C_Medtr5g010120_rep1	0.5685185977925435	0.20622644078220434	0.6687242820111141	0.0	0.2758017019076717
A17C_Medtr2g084390_rep2	3.4019944618032447	2.25479557897548	3.1064599961736152	0.9617467885617952	2.7061989874297767
A17R_Medtr5g016750_rep3	6.243637349044112	4.857151621698068	5.953529103582465	4.309879509358511	5.4722819669509875
A17C_Medtr8g094840_rep1	2.9398534276363497	0.6050201530624095	2.1772799959693243	0.0	1.0172092900322232
A17C_Medtr1g008700_rep1	3.313197470860952	2.9823395567843685	3.348326858085957	2.5048745893984643	2.964398632203184
A17C_Medtr2g082580_rep3	1.7804500917697854	1.3643856635674072	1.7986726789578034	0.7145752388516258	1.00504061670053
A17R_Medtr7g069120_rep3	0.7057567820497971	0.6659990728120624	0.6939143593809547	0.5317349424798598	0.6188650972209678
A17C_Medtr1g471050_rep1	3.6541299822207503	0.7183798937661746	2.8370686161953165	0.0	1.0172092900322232
A17C_Medtr1g013440_rep1	5.098818155118853	4.459278597411994	5.000631041050222	4.085622939541056	4.50656809239946
A17R_Medtr1g116100_rep1	2.5602258223996497	2.0174468684668296	2.4979103683426502	1.4819877432034705	1.956923991751124
A17C_Medtr6g488240_rep3	1.3087880009994095	1.2097652659741032	1.4177400196586671	0.8734195034348571	1.0747337650878366
A17R_Medtr5g031290_rep1	2.18966644665005	1.584802192365984	2.0983970982993467	0.4806098108724659	1.3109217352303435
A17C_Medtr1g094840_rep3	4.2406705063607975	4.033628561758163	4.3686286816289845	3.8510993701186735	4.012538877758758
A17R_Medtr4g134340_rep1	2.632190649164868	2.463448081431256	2.6316475680212856	2.2473199349798194	2.4191792965366266
A17R_Medtr0279s0020_rep1	3.4503534839162	3.1997508567158373	3.341226733642313	2.7369655941662066	2.9518985798143165
A17R_Medtr3g083480_rep3	4.364105465131757	4.083468689909837	4.510329019490572	3.8943004017439296	4.3144065075548195
A17R_Medtr2g090265_rep3	3.902813233282796	3.3318007434011547	3.6563056766082185	2.6877325947593445	3.0652850766312203
A17R_Medtr0034s0190_rep2	1.0899500521868504	0.8686867653221351	1.2511636175137872	0.6693291856010617	0.8663145613770472
A17C_Medtr5g081910_rep2	4.705590920081665	4.461332100693941	4.643990835028529	4.275305094198768	4.417289951010223
A17C_Medtr5g077370_rep2	3.603992226377749	3.0667780743390183	3.6878445487454234	2.1385960607509467	2.5365502955359105
A17R_Medtr1g032440_rep1	5.339161144523689	4.59846446263133	5.385891153619328	4.10855233467386	4.919085784633063
A17C_Medtr2g096640_rep2	0.6577924213551203	0.5001221779074931	0.6141601412924447	0.30956426953623845	0.5264027302064904
A17C_Medtr1g115820_rep3	8.465239873932457	8.23486212803062	8.42389326392364	7.907914145163944	8.126752647901863
A17C_Medtr8g087425_rep1	2.6831724232037337	1.6746113010712702	2.61329589917267	0.7821289457694306	1.7373983377701774
A17C_Medtr4g127220_rep1	7.045453892284758	6.468023898152777	7.17877438711007	5.452309889525113	6.161907831608268
A17C_Medtr0022s0280_rep1	3.4664096009998686	3.1508845713050246	3.4112002419599037	2.886680201867016	3.26703633639129
A17R_Medtr1g076500_rep3	4.179909090014935	3.5392001781146987	4.002042371636019	2.751035176667862	3.3746685705008512
A17C_Medtr8g469730_rep1	3.0591821992116923	2.2041407167802256	2.7713221908128483	1.5703010033036768	2.623554759084388
A17C_Medtr6g007797_rep1	3.55409763783534	3.3403723657694737	3.679386262630009	2.9241632437154927	3.26703633639129
A17C_Medtr2g024980_rep2	2.7290814022018783	2.197026615143548	3.1969217338203286	1.1856551459350468	2.003722156470871
A17C_Medtr5g074150_rep2	1.8562553625409568	1.0879153804764117	1.5069065545806932	0.6614455865252284	1.2365436411763375
A17C_Medtr2g005730_rep2	3.8873302987782	3.848430985586417	3.888824410893212	3.7065305525381165	3.8016760292535876
A17C_Medtr5g032570_rep2	1.0475383887633607	0.9428585216738772	1.0164963198961956	0.6375329665809004	0.8294436813665912
A17R_Medtr2g042450_rep3	5.167598785031856	4.959198279709018	5.090091242333946	4.749516390296528	4.948522979726995
A17R_Medtr8g098525_rep2	6.592566667958847	6.430491580568664	6.586219301935085	6.219103968904357	6.421621654755797
A17C_Medtr6g086560_rep2	4.7769637325422165	3.1534810985137005	4.203618814288953	2.13586316536868	2.533812496827667
A17R_Medtr8g092890_rep1	0.8549265468986229	0.6328885960899749	0.8495990111514515	0.32538641465977364	0.6852674065168416
A17C_Medtr2g101830_rep1	1.9134160332853056	1.3574581677426474	1.6746113010712702	0.8565209788614886	1.2499509289798827
A17C_Medtr0167s0040_rep3	4.1282934010098185	3.9951528267181216	4.153724283519061	3.7269764962271066	3.8588098920425824
A17C_Medtr4g094832_rep2	1.6977738195551861	1.3877301532831086	1.8768279621818469	0.8642026560910204	1.1799356220935528
A17R_Medtr4g045917_rep3	2.157259343512828	2.034333117383865	2.1638207264904183	1.84089958522244	1.9434837958313216
A17C_Medtr6g015280_rep3	1.3280704992309849	1.1585524673289118	1.372952097911829	0.6974773042852306	1.1000805887555245
A17C_Medtr0036s0250_rep1	2.352758525040637	1.7272670107349122	2.7293714931978563	0.0	0.962734090595803
A17C_Medtr4g011670_rep2	1.3410369178350672	0.9595228855149344	1.4781952579391662	0.405992359675837	1.0021624211506208
A17R_Medtr1g070230_rep1	1.6516831806321093	1.3798057689528918	1.7506065048355923	0.7739963251111731	1.0976107966264224
A17C_Medtr3g064490_rep3	0.7063463591078141	0.6210555032997396	0.7204244057565297	0.2590213433271706	0.5406886009403641
A17R_Medtr8g099965_rep3	5.282859850321276	5.1967906214431885	5.2779971415338185	5.020517017340513	5.110377164621036
A17R_Medtr4g107370_rep3	2.3590525651547294	1.956923991751124	2.303634645079009	1.3101461969555794	1.927011481060645
A17C_Medtr7g079030_rep1	4.73950610600679	4.409119344449985	4.5847420721400765	4.238175418577376	4.358747890085059
A17R_Medtr6g044390_rep3	0.2967021185991888	0.16048998241054102	0.2549970867683756	0.02290040211007883	0.09491164702546698
A17C_Medtr8g043400_rep3	4.795039599624365	4.660057712400985	4.778839354681497	4.582134452897888	4.655924213083813
A17R_Medtr0005s0110_rep2	0.27818304226824303	0.13881446890228188	0.2884570027137008	0.07860983469636648	0.1995414822084106
A17R_Medtr8g099570_rep2	0.546626983606979	0.41827991676752746	0.4840521771940245	0.0	0.27222230507004425
A17R_Medtr7g027020_rep3	3.5291129570886506	2.9856218641706094	3.7924389300646384	2.0890461078960687	3.0800322462651524
A17C_Medtr2g084835_rep2	3.8785945678178613	3.714172236056878	3.9100930276468624	3.3792974930104163	3.7272306996205327
A17C_Medtr0775s0020_rep1	0.5187029820445401	0.11813819888300373	0.6489255594531212	0.0	0.38294386956899057
A17R_Medtr1g093680_rep1	1.4943302665516967	1.3506858223462657	1.4555792931416909	1.2205363342577615	1.4345615118726076
A17C_Medtr2g036060_rep3	2.916285546346056	2.7558845763292577	2.8401610671408464	2.6751384505113642	2.762419690593955
A17R_Medtr2g060043_rep3	3.5385795484361315	3.4121492199540167	3.5884847853361097	3.183645305394656	3.2767447858647
A17C_Medtr7g081230_rep2	4.988760416807662	4.6637241261526725	4.8528977436712095	3.923466151810701	4.471209141844758
A17C_Medtr7g108775_rep1	5.289699236912199	4.317714085929982	5.6464603071369375	3.7765251514219123	4.751356596974613
A17R_Medtr1g013650_rep1	3.6976255695380096	3.5694505844538105	3.6729909938277485	3.4079871617596935	3.560021968413796
A17C_Medtr7g110000_rep2	4.9343749614475465	4.5097169523297245	4.764278913808728	3.991045593080957	4.394994228732095
A17R_Medtr8g079910_rep3	4.464994927265429	4.138049895671212	4.361674796395619	3.4623141271704188	4.053198243181729
A17C_Medtr4g022760_rep1	0.8046043110415693	0.26263360154148435	1.011734159966072	0.0	0.6226180454657936
A17C_Medtr7g094260_rep1	2.9187678493251474	2.2469147404705168	3.2028878334701436	0.0	1.4895429356424734
A17R_Medtr1g050502_rep2	4.2948657718271495	4.26848429914191	4.312084261514753	4.1788739581697945	4.251542373729058
A17R_Medtr3g112340_rep1	4.603121869839996	4.4715126480455	4.655924213083813	4.0985374642271	4.356049881709282
A17R_Medtr8g096160_rep3	3.0624095773118865	2.58295736483078	2.8331599669261385	2.2912106137163044	2.6980702738952598
A17R_Medtr5g079550_rep3	1.2398053524221375	1.0304537965417138	1.1727008530396743	0.8429118060715306	1.000480818215045
A17R_Medtr1g112240_rep1	0.2638356805230329	0.16949747290432254	0.22445194351474249	0.03562390973072122	0.10344168767630196
A17C_Medtr8g007500_rep2	3.5110884659237382	3.220536334257761	3.4084401414616434	2.8752558279461176	3.060105044189956
A17R_Medtr8g468210_rep3	5.170712925199512	4.712925878844738	4.970761642794108	4.443363529805018	4.575292158635887
A17C_Medtr1g079250_rep3	2.9889572962979143	2.9194672145394587	3.0350959978967325	2.848130483245096	2.954010144177069
A17R_Medtr5g040450_rep2	0.388465097283154	0.2509615735332188	0.37777158987464665	0.0	0.3021727997407522
A17R_Medtr3g029990_rep1	2.2460026365190933	2.1028820480242683	2.3309407734867618	1.8475961022626404	2.103329777111852
A17C_Medtr7g062930_rep1	1.37832665049357	0.3391373849195853	1.7202784652333272	0.0	0.6825732973475784
A17R_Medtr7g007300_rep3	1.9039380665769008	1.7769461918570877	1.9289071867876861	1.499101764067318	1.7311832415722002
A17R_Medtr2g021340_rep1	3.898692072560488	3.391767719955997	4.076559095131604	2.3755492093978683	3.0784390510275217
A17R_Medtr1g050760_rep1	3.09164342267066	3.027036063767748	3.0828161113856947	2.818577917024096	2.959831966014197
A17R_Medtr4g013185_rep3	2.742581161573116	2.443341425803227	2.6219932316661234	2.2069557323872795	2.301099837624444
A17R_Medtr1g032190_rep3	4.775278853530197	4.259523587036643	4.6336249517164125	3.968213660125147	4.109861988491439
A17C_Medtr3g092960_rep2	2.4611792809235644	1.6262054829530377	2.417650017160688	1.2690331464552371	1.6447792192629536
A17C_Medtr3g116395_rep1	2.4359841127924042	1.0493984309754247	1.746169421496046	0.0	0.7725895038969276
A17R_Medtr6g091680_rep2	2.0952493170190247	1.3862591411333465	1.9081724215843483	0.7846435693106816	1.1867118331872155
A17R_Medtr3g023720_rep1	7.907914145163944	7.4359924442122365	7.7525947349748225	7.194651807955644	7.477766360082003
A17R_Medtr2g009190_rep1	1.8883048952084869	1.735233320544969	1.8439838440483267	1.209141397838592	1.5434958834257717
A17R_Medtr8g016150_rep3	0.7899378689801948	0.42903564531984345	0.7107605238188122	0.24366908096686266	0.581752944245266
A17C_Medtr7g107560_rep2	3.4927932133884907	2.621368147149893	3.1954000971865426	2.3626101536903703	2.8567865462880806
A17R_Medtr4g105220_rep2	1.572081209424424	1.1632840295455402	1.4960361849731072	0.6328885960899749	0.91201108027712
A17R_Medtr3g118090_rep3	3.623632791106522	3.4707537627913885	3.6567632997383455	3.2690331464552367	3.481385059741346
A17R_Medtr5g088215_rep1	0.5176956306425826	0.21743753939368324	0.5476143419488522	0.0	0.39615948907315457
A17R_Medtr7g023060_rep3	5.5472647298120465	5.1731540905706845	5.766029703864644	4.9523180333937225	5.3934390827770855
A17R_Medtr5g007860_rep3	2.6955484681331003	2.5266531184008456	2.779399815055035	2.0965992072142465	2.3817448134291594
A17R_Medtr2g091215_rep3	0.7418624373810534	0.6254263637242468	0.8652589951760237	0.21619615537254214	0.5257348158237787
A17R_Medtr7g105780_rep3	0.6132173060290294	0.3234661494476312	0.666908047980779	0.1252102475585056	0.3836812552435606
A17R_Medtr3g105860_rep3	7.068774695870374	6.743923318398656	6.9972510022065855	6.579039315934392	6.8723198694947625
A17R_Medtr3g114180_rep1	2.4762952701817893	1.9510903995190536	2.3044136906819506	0.9478531433870164	1.3858911536193272
A17R_Medtr4g108230_rep3	0.8117450206628195	0.6888517438658804	0.8789214797498508	0.36139407091247777	0.7221745414837597
A17C_Medtr6g007090_rep2	2.3170145740214454	1.6708403358815618	2.4947569353037764	1.1613502657043029	1.7511780389783107
A17R_Medtr5g033940_rep3	4.597411987554652	4.34314721344984	4.608789533592253	3.8891814694375135	4.2217739909315135
A17C_Medtr5g011990_rep3	2.771674333908372	2.4888577325705152	2.6916086054672363	2.007195501404204	2.4874863493485364
A17R_Medtr6g007165_rep3	4.3065782018159515	4.225249218650998	4.2899819724667205	4.1280733941407854	4.26168124483959
A17C_Medtr8g074270_rep3	4.945560885993885	4.248256511638753	4.752481004456373	3.9908036265752815	4.529133785267363
A17R_Medtr3g092590_rep1	2.7273396302220485	2.4373165283421705	2.653671522906192	2.004800986263821	2.4359841127924042
A17C_Medtr4g108330_rep2	4.927011481060644	4.369466483650723	4.7290270036457365	3.564947166813768	4.4203251931867085
A17C_Medtr0016s0020_rep3	0.9881696170808691	0.5843211603945736	0.8183052216181449	0.4240262825060986	0.6047039459288941
A17R_Medtr0202s0060_rep1	2.7191834404817894	2.2141248053528475	2.6994035650891943	1.3499313733601146	2.3215433249048467
A17C_Medtr4g049340_rep3	3.979049764716218	3.1327961638989037	3.5133222950022667	2.051372101721026	2.76934859947786
A17C_Medtr4g064883_rep1	1.6083361503476612	0.5505723690400334	1.092207438097089	0.0	0.766383141001298
A17R_Medtr5g068440_rep3	5.91996768830011	5.545216769692153	5.762774013124628	5.274187101447171	5.379713368463483
A17R_Medtr4g086320_rep1	0.7581610186806959	0.460829917792934	0.9163492485225038	0.18861192205015148	0.5277376320282061
A17C_Medtr6g005210_rep1	2.145894794009076	1.9143093824479325	2.2368497400581155	1.583679534837683	1.763978059228788
A17R_Medtr0110s0030_rep1	0.4197186553967521	0.16949747290432254	0.3165319543264188	0.08451787115627016	0.2285621885766544
A17C_Medtr1g107430_rep2	4.08610437124329	3.8164973114860112	4.05525350899484	3.5842810671562564	3.792334805706692
A17C_Medtr7g026890_rep2	2.5371303733912347	2.073134704630215	2.669631542311985	1.3587713289133716	2.2589208736004056
A17R_Medtr2g090705_rep1	3.7741017814206304	3.437893526474169	3.6584780948223616	3.2896869428049804	3.4763384795215617
A17C_Medtr8g099765_rep3	0.8872653022678885	0.570462931026041	0.9045804349213172	0.0	0.6047039459288941
A17R_Medtr6g079600_rep2	0.2375637183176757	0.13881446890228188	0.3196179342001613	0.0	0.11547721741993587
A17R_Medtr4g129850_rep3	3.936685046642969	3.7095112144319735	3.957481291814624	3.5326078797331983	3.762951141762512
A17R_Medtr8g059275_rep1	1.3070398681206916	1.144481506112507	1.355955947077554	1.048003624188511	1.2706286069892954
A17C_Medtr4g021350_rep2	7.54005310821687	6.5129432092558694	7.266699101982133	5.836942424493674	6.142134293765987
A17C_Medtr4g024265_rep1	0.6097549621724434	0.20622644078220434	0.6185519104096024	0.0	0.4702331535209685
A17R_Medtr2g008410_rep1	4.906265292265289	4.7582320996572784	4.853663037367221	4.4329816709166785	4.726304457280895
A17R_Medtr2g036390_rep2	4.355462689893118	4.180810907065005	4.2696067182101185	4.097975918556701	4.242526291816552
A17R_Medtr1g082430_rep2	0.8302553241676829	0.6103850976010632	0.8172139242583266	0.33266020100512633	0.7308935146828062
A17R_Medtr1g013450_rep2	3.524021872464084	2.521972024874553	3.1378860058203184	1.711641738367775	2.0693584632238227
A17C_Medtr5g084570_rep1	1.5202126915443226	0.6544355408453992	1.212673088808845	0.0	0.2322514235371705
A17C_Medtr1g043000_rep3	4.186711833187215	4.04558858427814	4.252728499707406	3.8634759740485127	4.136218734660035
A17R_Medtr5g098720_rep2	3.87895416686915	2.9085567473978067	3.5712318396061264	2.405447843707535	2.8757145440948
A17R_Medtr4g095360_rep3	5.714382910651407	5.469571274713662	5.768334321968004	5.208218097949018	5.665970658107855
A17C_Medtr8g076940_rep1	3.2424500736777015	1.7053144410863783	3.3746685705008512	0.3939652756602425	1.9409810715660936
A17C_Medtr7g106660_rep1	4.4717944180715845	4.116531109536118	4.562262779563059	4.0218646316338775	4.270304671834748
A17C_Medtr2g022770_rep3	1.9449833490620991	1.8004685364723645	2.0290405441437485	1.631181907129334	1.8415706373955167
A17R_Medtr2g091185_rep3	4.298413935951686	4.164142648848307	4.281994917803122	4.047712869629617	4.1387871696915175
A17C_Medtr5g085550_rep1	2.3397075074485967	0.8291730322632951	2.190509511708893	0.0	0.6918319040681034
A17C_Medtr2g062920_rep1	8.535478869116433	7.755290420897963	8.90330043393472	6.811941918935119	8.315824322995189
A17C_Medtr2g046020_rep2	0.4404207207567671	0.30022136559919504	0.5567972465927431	0.21867785616951024	0.36363834677219947
A17R_Medtr3g007650_rep2	0.1366288980542238	0.08859392326898838	0.13750352374993502	0.0	0.08361051575473298
A17R_Medtr4g125300_rep3	8.358699546298983	8.133395700211231	8.397522049273697	8.018061050114445	8.231539610695123
A17C_Medtr4g028080_rep2	5.2420562158009885	4.627704103933893	5.4203251931867085	4.4343391037076305	4.763730249516229
A17C_Medtr8g044150_rep2	4.36788356005736	4.168561812296334	4.319208457430458	3.879607753779049	4.129255536777709
A17R_Medtr3g094850_rep3	4.184809238528292	3.9291597594495515	4.136656238134782	3.660951428260117	3.9493792940890993
A17R_Medtr4g029530_rep3	5.043752779031871	4.8945914404522135	5.100613284787946	4.7382994702564005	4.848831558033763
A17C_Medtr7g055710_rep2	3.549299517470621	2.307525673102515	3.2314836105149727	1.673104097590174	2.4364283880525552
A17R_Medtr7g094810_rep1	3.733643573782576	3.6386145050825536	3.713695814843359	3.2513656332028225	3.5591654669861743
A17C_Medtr7g090680_rep1	2.713329229898968	1.253989266230787	2.2822420942974446	0.8707921214650343	1.4717944180715832
A17R_Medtr4g132760_rep3	3.2641860983073765	3.107855225621143	3.2827857335635864	2.8531307021217045	3.111309583204707
A17C_Medtr4g094332_rep2	0.607862902831235	0.3610196852763067	0.7154541271157177	0.0	0.2240402742179301
A17C_Medtr5g005350_rep3	1.5327325419485986	1.3761051255466343	1.6600767333976028	0.6015380569233386	1.1722741464287885
A17R_Medtr7g114365_rep3	0.8313368047587231	0.3983503703459648	0.8557239831460407	0.08133962745193878	0.6263612563204501
A17C_Medtr6g088020_rep2	1.1123665230725632	0.8501326508989411	1.2232165830503148	0.4881722039090591	0.6717462668632227
A17R_Medtr8g080100_rep3	0.35614381022527536	0.2602264346189209	0.31691806299750136	0.0	0.22897256976016075
A17R_Medtr5g017650_rep3	6.761431556924522	6.615484961760275	6.803420795142445	6.4398336537316325	6.5420516408616525
A17C_Medtr7g013710_rep1	6.9138747414620685	3.5069065545806932	5.958981835255653	1.4224124292064917	3.0778696260750347
A17C_Medtr2g011680_rep2	1.0958119247713047	0.5932740838836491	1.1538053360790357	0.30956426953623845	0.6864631753717783
A17R_Medtr1g090150_rep2	1.305873268293602	0.5811101752255496	1.4561052163655317	0.19408705211630253	0.8849234755533074
A17R_Medtr1g101870_rep3	1.751606541047959	1.6684217350789183	1.7398481026993275	1.619178216059069	1.717502786611249
A17C_Medtr3g031750_rep2	2.257111221047032	1.1896664466500502	2.0330411691190937	0.6735564239901448	1.0588936890535685
A17C_Medtr8g012745_rep1	3.2750070474998703	2.564947166813768	3.3746685705008512	1.2970935702474702	1.9000778385133308
A17C_Medtr1g090170_rep2	2.03738222200308	0.7186721443578534	1.6515301176601458	0.0	0.7204244057565297
A17C_Medtr2g059350_rep2	4.484825578967794	3.9567381772130257	4.632830446740941	3.5096113972588983	3.930390418358911
A17R_Medtr7g086830_rep1	2.1170300530101867	1.620117165028684	1.8581136506415168	1.0136409106693862	1.5564702902081395
A17R_Medtr2g062840_rep3	4.697773819555187	4.589543790780525	4.63927075810598	4.431778942403387	4.518682002729589
A17R_Medtr4g021450_rep1	5.0700744196075025	4.664463877371486	5.0931375817538305	4.025442284177903	4.658040063256467
A17R_Medtr2g036063_rep1	1.0337460115926314	0.7610015296217157	0.9553128034447051	0.3188470578575409	0.5014816079641586
A17R_Medtr2g078640_rep1	3.1723274916576165	3.026091814341328	3.163713403072784	2.7980505147675143	2.9331319572947008
A17R_Medtr2g089815_rep3	1.059586016527891	0.7913278826158952	1.2043494249239366	0.2083091537769264	0.7221745414837597
A17C_Medtr2g088100_rep2	3.1202413339297106	2.2475224895664474	2.8528644608215927	1.9593992347721207	2.2847115328533496
A17R_Medtr4g125330_rep1	5.7928813747656225	5.5456492445841725	5.676521302056553	5.449946482068236	5.548159156661551
A17C_Medtr7g023250_rep2	3.4544391346865577	3.2445826609705137	3.542959619232954	2.9902287934260117	3.1242729850551063
A17C_Medtr1g105410_rep2	4.028804867423321	3.660799345504315	3.923783053523318	3.376568225425708	3.4806528911848416
A17R_Medtr3g071695_rep3	1.5247323641047736	1.1359725806386032	1.3669982280599733	0.6974773042852306	0.9944590420423621
A17C_Medtr4g099060_rep2	4.4561052163655335	3.480049649715792	4.643990835028529	3.1644644993886013	3.791605724704552
A17R_Medtr3g079630_rep2	0.20539251298968486	0.052879559602948864	0.13750352374993502	0.0	0.0676387168753633
A17C_Medtr7g068050_rep1	2.3315141437165603	0.9446086068527386	1.4669315916131342	0.0	0.7990873060740036
A17R_Medtr1g013130_rep3	3.71050340148579	3.225326350932105	3.9206108995608617	2.677620992453587	3.206799486647061
A17R_Medtr0246s0040_rep1	3.7443764071208254	3.298120625763452	3.604980630960666	3.066031768616897	3.297338173601829
A17C_Medtr1g013150_rep1	3.128733314122203	2.2203299548795554	3.5705843648917663	1.4497814486035778	2.072220159407267
A17R_Medtr1g038760_rep1	2.2135028199839164	1.8283607801779065	2.238684970746304	1.5312358839424345	1.7494627568491086
A17C_Medtr1g088935_rep2	0.9436088181496016	0.4541758931858021	1.0806576633452252	0.1915626507007556	0.4573316254850136
A17C_Medtr4g094295_rep1	0.5187029820445401	0.3855230722189664	0.5038575325774289	0.0	0.2322514235371705
A17C_Medtr6g488220_rep3	3.3400399749085867	2.942795979350646	3.1803070199694328	2.82014491611279	2.9898656228662874
A17R_Medtr1g103570_rep3	4.189323810694449	4.084857982361544	4.1925361202963245	3.942107834791504	4.09257392991689
A17R_Medtr4g060510_rep2	4.372859257405931	4.229869871830565	4.364712492976603	4.129255536777709	4.264736582919559
A17C_Medtr7g077420_rep1	2.6346707057148167	2.1450252422365663	2.4062645406106857	1.6375329665809002	1.8959488453265925
A17C_Medtr3g019150_rep2	5.3164836834760285	4.70304531252129	5.249179836496438	3.9562115726853992	4.289711530914651
A17C_Medtr5g088980_rep2	4.3807294485035495	3.727339630222049	4.127578255982436	3.006417719830156	3.8835882347289465
A17C_Medtr0085s0010_rep1	4.3375921707218925	3.9131606890296142	4.240797691134349	3.6596582135310185	3.999037882564617
A17R_Medtr6g042240_rep1	4.920198006770575	4.374228049387948	4.864846454770912	4.1932723636123725	4.525526029149094
A17R_Medtr8g013610_rep2	2.594389302898513	2.405266292704856	2.7059041989038457	2.057623558478132	2.4411293136201717
A17R_Medtr4g124560_rep1	2.3241385330468867	2.13586316536868	2.4019944618032447	2.020057652341253	2.2188844720009966
A17C_Medtr4g021795_rep2	3.3978029618624896	3.1058456674911583	3.413864833097948	2.47292094817847	2.952519949037846
A17C_Medtr1g094845_rep3	1.9586571076771104	1.5091046253875593	2.1482833625031774	0.0	1.0747337650878366
A17C_Medtr8g010550_rep2	4.342365104328064	4.2291777165846645	4.389956800645343	3.997322519930076	4.233248969945397
A17R_Medtr2g083480_rep3	4.355462689893118	4.123997203691912	4.340324886049179	3.5595326012923127	4.0283333984515135
A17R_Medtr3g097060_rep1	3.0553692115404862	2.830931344535653	3.0800322462651524	1.7861781287987664	2.485684428285272
