gene	0	12	24	48	72
A17C_Medtr3g083370_rep3	5.785742340361877	4.902700701703093	5.801934646273353	5.137640136130217	6.374448326758318
A17C_Medtr6g027840_rep1	2.532067552289031	1.6527541669781511	2.7680784350164562	1.4764680997765918	2.399535709994352
A17R_Medtr8g097090_rep3	0.08678376614206666	0.0	0.16349873228287928	0.06120015643673761	0.2228045610452611
A17R_Medtr5g034180_rep1	0.8807508188748078	0.6879564940444819	1.034215715337913	0.7739963251111731	0.9360882361798072
A17C_Medtr7g113960_rep3	5.797817134005298	5.114797325923266	5.944132231464453	5.274535014264037	5.836942424493674
A17C_Medtr8g470840_rep1	2.1761099700674853	0.9922850348719944	2.5780531054621405	0.6882549723823393	1.9937347369275469
A17R_Medtr2g093200_rep3	1.8929738152733344	1.6786729028471732	1.9780735691002609	1.6367599423750352	1.8489316837696983
A17C_Medtr8g090095_rep1	1.1694974729043226	0.1643572238529242	1.2219801638566066	0.4038130616165897	1.094010807133014
A17C_Medtr5g034370_rep2	2.363451457071713	1.7899378689801946	2.4947569353037764	1.6347481388276228	2.4962918988447207
A17R_Medtr1g085980_rep3	2.624256895389608	2.2101810282366032	2.693617049737267	2.4602183286672736	2.6474680204050043
A17C_Medtr4g015460_rep2	8.786155253179588	7.668294079059996	9.133531845885894	7.2763415688276325	9.546904103538834
A17C_Medtr3g094060_rep1	1.6538243588659605	0.0	1.9103489153809297	0.0	2.1725941882182966
A17R_Medtr8g046310_rep2	0.01863417413905097	0.0	0.033746011592631395	0.0	0.023846741954367662
A17C_Medtr2g073010_rep3	1.2195041420116215	0.6912363643110854	1.1902987916265946	0.9277700622932072	1.4683226439478676
A17R_Medtr6g087530_rep2	1.296702118599189	1.139469495038796	1.5006321143042796	1.2499509289798827	1.5006321143042796
A17C_Medtr8g027700_rep1	1.9580383766812697	1.745595899309646	2.222701537155412	1.7070829917717063	2.048003624188511
A17C_Medtr3g009130_rep2	3.1154217280820227	2.8927148268441507	3.2989026537886392	2.999879770403623	3.309612772454123
A17C_Medtr3g102780_rep3	2.655199154392517	2.3256742341202568	2.6093609877193304	2.3608324560189047	2.745667602052679
A17R_Medtr5g077900_rep1	1.2195041420116215	0.11725175028928456	1.884011737583522	0.6538243588659602	1.677320305699499
A17C_Medtr3g103510_rep1	2.7110543218120657	2.279867449979596	2.7222474177518468	2.289932805046051	2.834104404001504
A17R_Medtr2g028660_rep1	3.6334699607092658	3.4828482830684657	3.7579477547357576	3.5730513058686117	3.861889214300025
A17C_Medtr4g070530_rep2	0.20997316208238007	0.0	0.5223905977271395	0.0	0.5967761589675011
A17C_Medtr1g116010_rep2	0.529404524230844	0.0	0.5482722056359876	0.1915626507007556	0.5967761589675011
A17C_Medtr7g091320_rep2	2.6725007750342242	2.4356285940520905	2.8069426645777624	2.436872526541082	3.0479454779643373
A17C_Medtr7g029030_rep3	5.370268920969705	4.07724299893246	5.567575868524113	3.7765251514219123	5.815712041242857
A17C_Medtr1g026870_rep2	3.789311925645093	3.4323358858089112	3.9325336748818214	3.5326078797331983	3.9826742076393806
A17C_Medtr3g062570_rep3	2.207476429343482	1.6921295817831568	2.216713528532431	1.8671057295026543	2.2781830422682434
A17C_Medtr3g062590_rep3	4.006597245106645	3.5922776236204657	3.997322519930076	3.300123724569014	4.119051778886655
A17R_Medtr3g012190_rep1	0.6443177783375775	0.5827165611401951	0.6681191246864321	0.5840003832857724	0.7464560971136587
A17R_Medtr8g032100_rep3	0.7057567820497971	0.4639711444767663	0.7544599736254786	0.4421915507825706	0.9784397198676476
A17R_Medtr2g078450_rep3	4.208569281622584	3.9202297719500985	4.235624954665088	3.979903394366771	4.3277831574791525
A17R_Medtr8g046010_rep1	0.05889368905356863	0.02526508882353685	0.06626144226872127	0.026209879322848628	0.05981671854179721
A17C_Medtr8g075340_rep3	0.5045356501179464	0.3950627995175779	0.5629953806659449	0.3621425508467185	0.5492584390394774
A17C_Medtr4g095780_rep1	2.305386906477686	1.6842202951342349	2.502924600211961	2.0646529583422537	2.7865266647946854
A17C_Medtr2g481150_rep2	1.2598248493579038	0.3796209620557083	1.1199094637351967	0.4991017640673183	1.371651786836071
A17C_Medtr1g014420_rep1	4.048207117519889	3.1414327909292954	4.264736582919559	3.6639517823150802	4.431132618580183
A17C_Medtr3g067495_rep1	0.991075836040927	0.17717366917995606	1.3684890006451036	0.5881649327595001	1.3186542743948515
A17C_Medtr2g084630_rep2	2.241535141795717	1.887785192378339	2.4508373367021052	1.873550747013832	2.2069557323872795
A17R_Medtr7g084810_rep2	4.002522509768712	3.7489978500981493	4.084857982361544	3.923783053523318	4.097975918556701
A17C_Medtr1g043350_rep3	0.2610292699434171	0.0	0.39762044620143455	0.07404867047699368	0.5041966311900816
A17C_Medtr3g094060_rep2	1.7773671094504129	0.5129853348136765	1.4723144643520918	0.5525410230287788	2.1998555325759144
A17C_Medtr3g019300_rep1	4.381929348481968	4.1517505997190485	4.386994834693852	3.986198535489613	4.392637986059912
A17C_Medtr3g035635_rep1	3.0343918148243554	2.403994795576758	3.172540852850136	2.7872931477246308	3.2096093242303545
A17R_Medtr1g019250_rep3	4.883995451310786	4.776595333361501	4.914357224831195	4.7816219978706025	4.899497912407663
A17R_Medtr1g067700_rep1	4.017209290032223	3.7503206528352737	4.032159631498193	3.74602606232259	4.168374607333911
A17R_Medtr6g069170_rep3	0.1609201881811032	0.0	0.19324607567693144	0.03280614508324147	0.1379406378392928
A17C_Medtr1g106795_rep2	2.013283586818423	1.4088929789809428	1.914054196272173	0.9385994553358568	2.215160852105372
A17R_Medtr4g071250_rep2	0.18776774704602486	0.0	0.3196179342001613	0.0	0.3091761874785146
A17R_Medtr8g466500_rep2	0.2566081366743607	0.1763227726404629	0.2662368378721378	0.10924910704673436	0.3568950182822838
A17C_Medtr1g045140_rep3	0.6122738541975502	0.0	0.8313368047587231	0.4240262825060986	0.7473157823357732
A17C_Medtr7g100650_rep1	3.7253412611908856	3.3866730149227173	3.9220075066795017	3.4466532472862506	3.6847439458250175
A17C_Medtr1g071430_rep3	6.596771190453322	6.4029836098034965	6.748599878208963	6.4436177014872245	6.90416292803347
A17C_Medtr2g018260_rep1	5.354064211340555	5.232494479162997	5.4742954228475655	5.3328033941740145	5.4896927804436135
A17R_Medtr7g039530_rep1	0.6056523594883411	0.460829917792934	0.8445195644558522	0.3576458353905073	0.7624196905939553
A17C_Medtr7g108500_rep3	3.439578814447976	3.1327961638989037	3.390759387135473	3.1989131763085665	3.524021872464084
A17R_Medtr3g077120_rep2	2.217334131513419	1.8964656161894256	2.39716405600406	1.918004518597875	2.2025744425617986
A17C_Medtr5g025520_rep2	4.093785509242202	3.9178454405148946	4.237334263837528	3.8956903904636855	4.32488259239487
A17C_Medtr1g041685_rep2	3.2738639644030387	2.8289700121103847	3.4496494082379217	3.0773569513862844	3.5066104045148085
A17R_Medtr7g069100_rep1	1.2582173895360182	1.0876891286072283	1.2330699739369384	1.0365619429503017	1.3109217352303435
A17C_Medtr7g115350_rep3	4.483686815519207	4.213865677369951	4.414293417798389	4.2043755113190935	4.534040845264415
A17R_Medtr3g098490_rep3	1.5827165611401954	1.1775989293277338	1.8765660587517208	1.2424500736777009	2.0114956388378293
A17R_Medtr5g035770_rep3	5.031850966030593	4.9504839670529295	5.1380362388947125	4.928559827162274	5.192181011548684
A17C_Medtr6g406210_rep3	1.3827594642461998	1.260226434618921	1.4625758880422044	1.073134704630215	1.5851227912652786
A17C_Medtr5g040250_rep2	2.0772429989324603	1.4517166535092918	2.382021607157676	1.051720116447328	2.2516686037070803
A17C_Medtr5g016630_rep3	6.536923229502285	6.3770485344822685	6.650233214102979	6.38752912683217	6.530486972296604
A17C_Medtr1g028610_rep1	1.7861781287987664	0.7706176466562031	2.240823126743636	0.0	2.9515877948147544
A17C_Medtr8g078230_rep2	4.128595855683636	3.8894086425090153	4.279520820885745	3.9446710706477344	4.3562377326263295
A17C_Medtr5g070350_rep3	3.014474322310984	2.8851187730344923	3.117030053010187	2.946418959795156	3.1171963291633
A17R_Medtr5g019480_rep3	7.123631712165272	6.9071310247467945	7.0716375490870345	6.957585761614058	7.213768492375751
A17R_Medtr6g463340_rep3	5.935168979309044	5.632626905560143	5.831015824813057	5.650190123496777	5.985637042685168
A17C_Medtr1g492950_rep2	0.3391373849195853	0.0	0.4157586665224981	0.10880321149662672	0.4809544173570588
A17R_Medtr1g028250_rep2	0.02856915219677092	0.0	0.04823618565284763	0.0	0.02998286621571431
A17C_Medtr8g087950_rep1	3.7706528820368033	3.642971065350401	3.841235150325456	3.6748748998683496	3.7947970687267794
A17R_Medtr2g014125_rep1	0.2837242646009788	0.16949747290432254	0.3261538056570632	0.06901467791518046	0.2825386502012381
A17C_Medtr3g111540_rep2	1.8753869045864562	1.2698310972725309	1.861028990193284	1.3518167565883097	2.1998555325759144
A17R_Medtr1g116060_rep2	2.9618085147374766	2.6745359782821603	3.0638480433820496	2.8278190246173196	3.1898772591061704
A17C_Medtr2g078370_rep1	1.3932331289604951	0.5193741590935794	2.114033800550267	0.7349444059468495	2.3598959450863832
A17C_Medtr5g068780_rep2	2.792647156238181	2.0705038229544237	3.1315346112687417	2.568842835357879	3.550079785512496
A17C_Medtr3g052285_rep3	0.5672209183338891	0.0	0.8029514236647917	0.27182404556692474	0.6989592715864614
A17C_Medtr4g068370_rep1	4.376869160651341	3.1888756254709603	4.5010993977160405	3.628579201205408	4.392637986059912
A17C_Medtr7g080180_rep1	3.5972133212217114	1.1520752263937857	3.6876579539418364	2.3621425508467184	3.9325336748818214
A17C_Medtr8g068830_rep3	5.471187460386987	5.157124576435272	5.531287877262279	5.320580950750763	5.5812708943301415
A17R_Medtr7g113960_rep1	5.482213684608125	4.997427908008309	5.690826788076937	4.8156949654027486	5.6387110316039495
A17R_Medtr6g084560_rep3	3.603042720475505	3.293713802024741	3.8838488665822206	3.4871004128245287	3.75289128415646
A17C_Medtr7g114990_rep2	4.409300411255893	3.640312429148413	4.508386393710229	3.5809494382145326	5.093574260510967
A17R_Medtr4g005390_rep3	2.0713050340731334	1.8700029729135559	2.0776987547539383	1.9680292940784792	2.145894794009076
A17R_Medtr2g071880_rep1	0.4197186553967521	0.1579060503032863	0.3666252940935981	0.21826453571377133	0.4534736809349519
A17C_Medtr3g020520_rep2	0.593911457448639	0.26663664251398955	1.0266820426525054	0.3807294485035485	0.9619936774202552
A17C_Medtr7g100905_rep2	5.477752870659916	5.211544407191112	5.481794050974913	5.119619014677719	5.52768551060112
A17C_Medtr5g007790_rep2	4.7419702688385375	4.6206059590327255	4.889911541332497	4.71591166945541	4.889911541332497
A17C_Medtr3g052940_rep2	2.1209048453813364	1.7797499922554456	2.206539039470558	1.939226577728209	2.36289064266586
A17R_Medtr6g059310_rep1	3.13892366057998	2.991741020814308	3.3154696223542097	3.0473638867926742	3.321206566969903
A17C_Medtr5g015600_rep2	1.5001221779074931	1.0944612973914405	1.6207427916824126	0.7868751166092643	1.6188650972209675
A17C_Medtr2g099500_rep1	5.1077994423426105	5.020798491351919	5.113130931104132	4.9741621677965995	5.149543908709094
A17R_Medtr4g128600_rep1	5.918751950720389	5.5167295917418935	6.165221905840291	5.691282899708398	6.355961818171222
A17C_Medtr8g080160_rep2	1.196187350989054	0.8084536997503885	1.3452071074289251	0.9533273291373336	1.680024233056604
A17R_Medtr8g079560_rep3	6.154521102660693	6.066397793701677	6.234245827080238	6.082113550264412	6.278598134106263
A17C_Medtr7g090060_rep1	0.8710550750866295	0.7245047580870836	1.0845178711562702	0.64554795964502	0.9825829469225904
A17R_Medtr5g092720_rep3	5.331514143716562	5.181778407186101	5.424519044475455	5.266599165535096	5.3867764648211205
A17C_Medtr3g100590_rep2	1.4377603935399277	1.0036022366801955	1.7434431582374108	1.2892442851566424	1.7017708223790446
A17R_Medtr1g060840_rep2	0.9951829837022242	0.5052134490690507	1.005759269288685	0.6464699077268088	0.9864716151553532
A17C_Medtr5g017070_rep2	2.7172102990195963	2.3004166278368743	3.37684601401632	2.3188470578575413	3.472661057756975
A17R_Medtr8g101260_rep1	0.10209818761873599	0.019583315647554632	0.09671164107167696	0.026209879322848628	0.14317570269777136
A17R_Medtr4g064437_rep3	0.09985623683206657	0.0	0.15445359267987244	0.0	0.17291415902673998
A17R_Medtr1g072720_rep3	4.066175318934016	3.9276120574258564	4.059816718541796	3.9608514621078728	4.112477734869951
A17C_Medtr3g113630_rep2	1.7610015296217156	1.6058103678167277	1.8562553625409568	1.4058108771872788	2.048003624188511
A17C_Medtr8g102470_rep3	4.82179523698955	4.689355077864668	4.8712029654396565	4.5908814219815515	4.9587653583247135
A17C_Medtr7g056817_rep1	1.262834017606388	0.23470568277529955	1.8830994230595808	0.0	3.124769258699536
A17C_Medtr7g052620_rep2	0.9637207174360264	0.0	1.6878072317153547	0.7868751166092643	1.9350825233186613
A17C_Medtr5g085800_rep2	1.280956313831056	1.0195833156475542	1.3226973271321332	0.9453579939568822	1.5330649218696375
A17C_Medtr5g084930_rep2	5.288678469327951	4.7549765546644	5.587465007924327	4.9329430528087945	5.651367470457081
A17C_Medtr7g059515_rep1	0.7618525934793857	0.3516283291027824	0.7832470973781165	0.49603618497310703	0.89736952002622
A17C_Medtr2g040830_rep1	2.2747089392147117	0.13968777101181068	2.090853430451113	0.0	2.8495990111514513
A17C_Medtr1g070515_rep2	2.9272011637659765	2.4696255385012336	3.134494773877597	2.384326158685841	3.282192662386358
A17R_Medtr3g096680_rep1	5.0851413471299765	4.836563783147736	5.075290165007658	4.917208952718238	5.165134790823432
A17C_Medtr0478s0010_rep2	2.843313913671353	2.712669142173973	2.8602344816605525	2.78624784273441	2.9176227017262826
A17C_Medtr2g097910_rep3	2.4437834415059685	2.211012193485512	2.7326310039023154	2.334186862566518	2.649078898991012
A17C_Medtr1g109200_rep2	6.698204584715287	6.383174343081134	6.966503529272388	6.4407307729596175	6.993145971147622
A17R_Medtr4g076970_rep2	0.02856915219677092	0.0	0.040307988653537005	0.0	0.0676387168753633
A17C_Medtr6g022230_rep2	2.5727280128608974	2.0905147298882505	2.630327804930078	1.7288637956692419	2.778348773185612
A17C_Medtr4g081180_rep1	3.12988744823296	2.7729413378313357	3.3206772170598704	2.4609172665073307	3.5965774050524515
A17C_Medtr4g099140_rep2	4.718215476788125	4.310849046224615	5.128774549100009	4.490869591217547	4.812618017101308
A17C_Medtr8g463270_rep1	1.7861781287987664	1.346531462028019	1.8360587733853155	1.326920788684638	1.8458579957986152
A17C_Medtr4g057530_rep2	2.283823021834196	1.9856218641706087	2.630327804930078	1.8066677607962736	2.3921342117757978
A17C_Medtr3g008580_rep2	1.075418534521255	0.5001221779074931	1.2391943430076728	0.39286691623079983	1.5262357805979156
A17R_Medtr3g106400_rep2	1.8026757582314719	1.3163388612335931	1.8163949091691207	1.4157586665224977	1.8846630377800777
A17R_Medtr7g078680_rep3	4.3892226163558945	3.7420780922369645	4.905270662040914	4.2291777165846645	4.75467375373121
A17C_Medtr7g405730_rep2	1.8919375824825904	0.6113297849910695	2.198389378952891	0.39286691623079983	2.7363884007034605
A17C_Medtr2g035230_rep2	3.3267770104228247	2.2351143203763573	3.7675841800116836	2.82273014794452	4.26538688495486
A17C_Medtr1g009010_rep2	5.198101209324823	5.0466656677634925	5.198598920716641	5.062985135861326	5.324174544754813
A17R_Medtr2g029990_rep3	2.0831566239652757	1.8238852009035325	2.2003787979840257	1.6097549621724434	2.1084686993706416
A17R_Medtr4g091080_rep1	3.111309583204707	2.9953036053352435	3.295820963852377	2.8911599191589965	3.278232611752036
A17R_Medtr3g040680_rep2	0.02856915219677092	0.0	0.04823618565284763	0.0	0.08361051575473298
A17R_Medtr6g037160_rep2	2.8398924213524643	2.7271217607935982	2.8503993967702543	2.5941503999574063	2.9515877948147544
A17C_Medtr4g015630_rep2	3.2667365763650937	2.6950287251828184	3.1151997493854453	2.641623094071965	3.344307745365024
A17R_Medtr7g022480_rep1	1.8336322627463848	1.5410191531335593	1.9426083361116635	1.6638759009190929	1.9071470519314568
A17R_Medtr6g004520_rep1	3.2753050941987687	2.9823395567843685	3.322072357178457	2.7438739635083844	3.318991628550694
A17C_Medtr4g103300_rep2	1.4804374767575994	0.7601499634144695	1.6962906334053385	0.6285403192627603	1.5862443266969863
A17R_Medtr0024s0310_rep2	0.5284046200386481	0.0	0.764402776873057	0.0	0.8530641464027859
A17C_Medtr1g062620_rep1	3.0699312567521666	2.801641543481295	3.124769258699536	2.9655688261146755	3.1236661964538195
A17C_Medtr8g075550_rep1	0.4467855621431224	0.11813819888300373	0.9089409708563052	0.0	0.7990873060740036
A17C_Medtr5g094860_rep1	1.7861781287987664	1.1520752263937857	2.193035754947513	1.5576143135233944	2.4690176674664954
A17R_Medtr2g436080_rep1	2.136738255267912	2.055195654242125	2.1918784425463613	2.0230187285436814	2.228869985407653
A17R_Medtr7g461410_rep1	0.1822685363027195	0.02526508882353685	0.22445194351474249	0.06027801192410901	0.3497426994514055
A17R_Medtr3g101680_rep3	4.065486147109415	3.8840117375835215	4.086812067320864	3.9467620464664614	4.0963461989931735
A17C_Medtr4g124650_rep2	1.8867452247421088	1.5401926306011338	2.4346504655391827	1.516015147003665	2.507583240822409
A17C_Medtr8g107400_rep1	4.5660641890239715	4.3809371949278235	4.771815167083111	4.274609556096091	4.675910000551945
A17C_Medtr4g061050_rep2	2.2877677779753767	2.087349684260526	2.4137745885139945	2.0488174253532643	2.459606480166012
A17R_Medtr8g062080_rep1	2.406627368664378	2.2933704842047526	2.5662468921637376	2.2860925743654734	2.6143172206154683
A17C_Medtr8g009160_rep3	0.16306929485125518	0.11281131883402967	0.21619615537254214	0.09895848008816878	0.2240402742179301
A17C_Medtr8g099640_rep2	2.7388398796975566	2.2121542643918137	3.0381434923120416	2.3974379074473617	3.392088405389457
A17C_Medtr8g092300_rep2	2.5699770933245687	2.2069557323872795	2.5333141565667923	2.0238467419543675	2.611408481024957
A17C_Medtr8g103550_rep2	1.196187350989054	0.8770898180752768	1.4781952579391662	0.5217208228586152	1.5030094371789011
A17R_Medtr1g008160_rep1	3.9217536786531793	3.798361630401303	3.936685046642969	3.6987741089036814	3.9202297719500985
A17C_Medtr3g098780_rep3	4.837859166303667	4.556286344674077	5.008869300429481	4.512353322256634	5.089229767424527
A17C_Medtr1g017540_rep2	1.9417323448208192	1.225274929869569	2.019227460753856	1.4812989415475648	2.5017363585532824
A17C_Medtr5g029240_rep2	6.171433698785622	5.958981835255653	6.291499192635294	6.052372417874043	6.1806783222597055
A17C_Medtr8g013030_rep1	2.052184005531996	1.7053144410863783	2.4189095414719453	1.6013795799592765	2.1260918210909105
A17C_Medtr1g062770_rep1	4.168374607333911	3.8029858781406634	4.287767777975376	4.020028010866449	4.363708424168694
A17R_Medtr0444s0010_rep1	0.039840264531791104	0.0	0.029511782116544538	0.0	0.043577818541604106
A17C_Medtr3g077640_rep2	5.256419434797022	4.8071144528444645	5.73328202326045	4.627956964339568	5.967168607532628
A17R_Medtr7g012560_rep3	6.6075473182207904	6.401021706884428	6.575882074644393	6.284014344738005	6.640418483081799
A17C_Medtr2g069190_rep1	2.742581161573116	2.2086213015638467	3.4719677876615163	2.350780100734856	3.4943302665516973
A17R_Medtr1g116875_rep2	4.649232222232657	4.5526639747531465	4.710466665982805	4.583799861367804	4.67872923355088
A17C_Medtr2g010760_rep2	3.8742395799913623	3.124548713710817	3.755101218931638	2.751392305922078	4.036561942950302
A17R_Medtr1g088920_rep2	1.8283607801779065	1.3948799368465816	1.803227036434928	1.516015147003665	2.024556089690148
A17R_Medtr2g020800_rep3	5.58433118353006	5.440343197293391	5.565424545764978	5.444656024864793	5.646037817920685
A17C_Medtr0223s0010_rep3	1.7741369318108495	1.4888577325705157	1.972325041557152	1.6588588837603255	1.9737949296526056
A17R_Medtr6g016140_rep2	0.037967850199020416	0.0	0.04823618565284763	0.02242699930324244	0.04590888229141981
A17C_Medtr2g082180_rep3	2.9173044437909317	2.4284104253573435	2.9436088181496016	2.4167496832317616	2.898917753092949
A17C_Medtr6g018780_rep2	2.477159211186641	1.7632699185181149	2.2627338130541066	1.4545268711806942	2.6484654430273142
A17R_Medtr8g079330_rep2	2.4982508675278257	1.9000778385133308	2.734438666137167	2.0378507435760502	2.8313368047587235
A17C_Medtr2g069090_rep1	3.481772528010875	1.866710199674025	4.02856915219677	1.4023583652080975	4.168882678584204
A17C_Medtr3g466180_rep2	1.3831282513241	0.7265406147471136	1.6515301176601458	0.9385994553358568	1.371651786836071
A17R_Medtr7g113900_rep3	0.8665783322966756	0.4386477144614892	0.8004685364723643	0.41106462270392025	1.0299828662157142
A17R_Medtr3g067995_rep1	3.950375093212098	3.7428685510244426	3.97299892617204	3.73530554015507	4.083667242189062
A17C_Medtr5g017350_rep3	3.6337411840455793	3.5015240695196748	3.7487116791535913	3.512184738803912	3.7253412611908856
A17R_Medtr6g089570_rep1	3.333566851134256	3.229331557561677	3.443076151362673	3.1746194725123984	3.5385795484361315
A17R_Medtr7g088520_rep1	3.5215533305450952	3.229331557561677	3.6232425887832913	3.4293927922559138	3.6669080479807783
A17C_Medtr7g059070_rep2	3.55409763783534	2.3715588626119626	3.75396103015141	2.55810433165691	4.006268098366171
A17R_Medtr8g103900_rep1	2.8393549796546487	2.5603888848514638	3.0716482741019275	2.7739963251111734	3.0627549399948846
A17R_Medtr7g053520_rep2	2.9618085147374766	2.6496154590634102	3.1617802150565804	2.8707921214650343	3.0870667529499984
A17C_Medtr1g075260_rep1	3.457112700305017	3.292683603369725	3.704945719986181	3.1795110502715103	3.8185438329170505
A17C_Medtr1g116870_rep1	2.2715252787745226	1.6746113010712702	2.5599811941598287	1.7696307064480363	2.206539039470558
A17C_Medtr1g423960_rep1	0.5685185977925435	0.0	1.2304079853126202	0.0	0.6753643127491455
A17C_Medtr1g059670_rep1	3.759262380459667	3.7057567820497965	3.805361252007148	3.7039127992827328	3.7637656535099215
A17R_Medtr3g111890_rep2	4.341226733642313	4.151561200420454	4.282761027131519	4.185707998683241	4.3825289244414805
A17C_Medtr0027s0200_rep2	1.2060180040208954	0.0	1.0164963198961956	0.3223127622782265	1.4573316254850135
A17R_Medtr4g109500_rep3	3.8894086425090153	3.6036362348925914	3.9866536395535617	3.5719194632455573	3.9097091109263933
A17C_Medtr4g088870_rep1	1.6328885960899753	0.5872049493321156	2.6605331620987647	1.2720231890610485	2.592795868849972
A17C_Medtr8g028165_rep1	0.7227574485789175	0.529404524230844	0.804053558967353	0.3939652756602425	0.9944590420423621
A17C_Medtr3g108730_rep3	3.032218417433899	2.3886487747983147	3.5118053539935334	2.2933704842047526	3.7760337822267367
A17R_Medtr3g052260_rep1	2.8571848057912006	2.7369655941662066	3.046782061070605	2.7296615258752945	3.030983409476424
A17R_Medtr7g062460_rep2	0.7136958148433591	0.32883646422954	0.6421624337287695	0.3836812552435606	0.8370013153280501
A17R_Medtr4g098820_rep1	3.3503557994600297	3.2565578185870256	3.5078369163570238	3.2184195447615243	3.5434546394102484
A17C_Medtr1g016900_rep3	5.6361218854414865	5.234194722953811	5.694926610811804	5.429749850800216	5.63357651881533
A17C_Medtr1g113830_rep2	1.9977139225626537	1.7704766965275298	2.147523792308788	1.7592978942642628	2.003722156470871
A17C_Medtr3g084340_rep2	8.603272736288844	7.996373680631268	8.661573849942554	7.816691429261935	8.690946647702825
A17C_Medtr4g031140_rep1	1.1072414908946957	0.7461694214960459	1.2304079853126202	0.8636741963631742	1.2959188965164945
A17C_Medtr4g083970_rep3	4.257890655293677	3.933635581697734	4.170886477679758	3.999037882564617	4.333137456307665
A17C_Medtr7g011070_rep2	3.979903394366771	3.7329927175912814	3.92637902519988	3.6674758667728153	4.059557176182033
A17C_Medtr7g104905_rep2	4.841755122035654	4.473938401789583	5.134617982275187	4.660057712400985	5.323382079459502
A17R_Medtr8g092980_rep3	0.13619138628714406	0.0	0.16349873228287928	0.0	0.1574749446551094
A17C_Medtr5g082110_rep3	4.295355692891672	3.942107834791504	4.376637677587998	4.141841474833586	4.598762193587587
A17R_Medtr7g079030_rep1	3.978805777730877	3.770511935350724	4.369466483650723	3.7867009012221007	4.332445384599857
A17R_Medtr8g013650_rep2	3.429660594448476	3.3683493061360728	3.4909123662539714	3.371698246703747	3.446565030639477
A17C_Medtr3g084310_rep2	7.687340687378304	6.9732094505776026	8.112343932128638	6.7280021142355455	7.581223182714624
A17R_Medtr5g042870_rep3	3.997322519930076	3.9046446560275565	4.118830358064597	3.969749128288659	4.136956944830389
A17C_Medtr5g031880_rep1	2.373137761002091	0.9211824022584472	2.5269034631464007	1.1088032114966264	2.6952514950894635
A17C_Medtr8g013640_rep3	7.12625361396865	6.235944009339744	7.768007837524777	6.4848202095515	7.663641117573148
A17C_Medtr4g092140_rep2	2.2718240455669245	1.6262054829530377	2.0952493170190247	1.6182386555954549	2.49867637852955
A17R_Medtr7g046380_rep1	0.35200515946691746	0.2998307618223704	0.4802651220544629	0.18861192205015148	0.4868001685789352
A17C_Medtr8g040300_rep2	2.328357783764321	1.7281382034189274	2.7000697489017544	1.9132883668066687	2.711201198375277
A17C_Medtr8g071330_rep2	1.6420083572571234	1.1061249402307376	1.5880049798749316	0.9617467885617952	1.6750631552402997
A17R_Medtr1g045490_rep3	4.007913081643264	3.796701571199496	3.984194370303095	3.7985344434342094	4.15093871331396
A17C_Medtr7g013180_rep3	0.6440100690390047	0.4164794734527503	0.7340773148413798	0.5035183542425203	0.6653927710418912
A17R_Medtr3g116590_rep3	3.6785226768834938	3.3397550074911035	3.5938318011506376	3.3382342298917567	3.769736482341593
A17R_Medtr5g028420_rep3	1.225274929869569	1.0888200332985851	1.219091058246197	1.0386702903853662	1.2188844720009968
A17R_Medtr4g082940_rep3	4.376637677587998	4.152318648472671	4.400128014808733	4.03708931873522	4.5672614884901295
A17C_Medtr4g088450_rep2	3.5927161509308534	3.0328061450832418	3.8021932169418253	3.0710189383217266	3.635793079282506
A17C_Medtr8g015660_rep2	5.661892083988168	5.538951958280824	5.799277303685185	5.500472778541429	5.818023950484674
A17R_Medtr5g005540_rep3	5.927430330432773	5.261117052958444	5.803915838090832	4.834947129261684	5.999060439536388
A17C_Medtr3g103510_rep2	2.5147534984397533	1.8083163982950488	2.968152207394071	2.212361816548825	2.6795739302778694
A17R_Medtr1g059520_rep1	0.6198042499334571	0.4716210276452114	0.6768691580309804	0.3188470578575409	0.7314729102893441
A17C_Medtr4g117660_rep1	2.3143098218971154	1.612745657234694	3.255551088117445	1.1940870521163025	3.996027123425076
A17C_Medtr6g463340_rep3	5.634041407560298	5.44655400317934	5.606728448753693	5.4114940399531575	5.684416686417537
A17R_Medtr3g101670_rep2	0.037967850199020416	0.0	0.06947304012424334	0.0	0.10701824988212044
A17C_Medtr2g030230_rep1	4.406060409723769	4.232763071959346	4.4283880910609765	4.217515090440076	4.497378177430081
A17R_Medtr1g052065_rep1	0.1656440041144361	0.035154664307528005	0.23674771431351785	0.05148811595782087	0.2825386502012381
A17R_Medtr2g026710_rep1	3.0745625219325716	2.4940742047185944	3.001742204137924	2.707156634355673	3.2841686189231383
A17R_Medtr2g095210_rep3	0.03233598211969012	0.0	0.03139519627553432	0.01149563883782944	0.04684025420297235
A17R_Medtr7g081040_rep3	4.97304486138983	4.50656809239946	4.9386778605444785	4.574081319100648	4.9924965405069335
A17C_Medtr2g062340_rep1	2.2882601149561945	1.8109228941095308	2.36653204553713	1.9680292940784792	2.3300802906508213
A17C_Medtr1g090917_rep1	4.13117788550052	3.96996396348102	4.1788739581697945	3.90945310967634	4.328477468771223
A17C_Medtr3g053410_rep3	0.14448150611250712	0.0	0.1132559775032578	0.0	0.18945560338465667
A17R_Medtr3g068065_rep3	2.1213470168784423	1.578536231561723	2.06085442131325	1.5907217700098408	2.3581148977352084
A17R_Medtr5g084720_rep3	4.5097169523297245	4.3825289244414805	4.699107384624001	4.392821133102704	4.74313792665136
A17C_Medtr6g007603_rep2	2.7463127664254587	2.101201825340203	3.3093702415565383	1.9971117206751736	2.796459319557877
A17C_Medtr8g446540_rep3	0.9333208370489549	0.7768058586979973	1.1589832511603866	0.8234776407404879	1.129392932379928
A17C_Medtr4g077640_rep1	4.02026512561433	3.8533636229614245	4.057912322723383	3.8143795184043454	4.181765158141961
A17R_Medtr4g057040_rep3	6.353252707487114	6.156733680704187	6.334872142053442	6.1224794631468304	6.37624407111963
A17C_Medtr7g017530_rep2	1.027154051503727	0.8770898180752768	1.0360930025785835	0.8095516412348025	1.1799356220935528
A17R_Medtr4g097410_rep2	3.8086939458592624	3.3249545777772607	3.886159913337412	3.5629139989121006	3.8320123186732458
A17R_Medtr2g094190_rep3	0.4052662927048557	0.0	0.3553922108121369	0.08133962745193878	0.4909123662539713
A17R_Medtr7g038690_rep1	0.5597365244329826	0.367743806909068	0.7095847331743588	0.449605392097058	0.5811101752255496
A17C_Medtr1g076290_rep2	4.25685970078961	3.9239731611432394	4.479834145190648	4.099575747856576	4.307379948783857
A17C_Medtr3g076930_rep2	1.2432628596377286	0.5330649218696377	1.861028990193284	0.8538626124544684	1.6750631552402997
A17R_Medtr1g051105_rep3	3.6491938929498287	3.4843959625026666	3.7564184398775127	3.5204222485264456	3.8021932169418253
A17C_Medtr4g112340_rep1	2.5621813564718674	1.9780735691002609	2.8997556861236107	2.3315141437165603	2.6994035650891943
A17C_Medtr7g085390_rep2	2.9882302230604574	2.7690664373332297	3.235267529641184	2.797912219613949	3.322553127324498
A17C_Medtr3g113720_rep2	4.61612240464668	4.032806145083241	5.061733002477752	3.881664619320345	4.76220705529805
A17C_Medtr4g083990_rep3	0.5823954270173579	0.28688114778816154	0.5629953806659449	0.37369460695595386	0.6876579539418357
A17R_Medtr2g035310_rep3	1.8794443848084528	1.5259018234110335	1.9289071867876861	1.499101764067318	2.161672739730357
A17R_Medtr7g105820_rep1	3.2341436170170783	2.8752558279461176	3.4293927922559138	3.1148667172877316	3.434605989391484
A17C_Medtr1g082390_rep2	1.5540157525987268	0.2919963953484143	1.662053549046189	0.7689253355637512	2.130601449790564
A17C_Medtr7g101070_rep2	5.132014679787416	4.435717481950882	5.6107492691323335	4.578274558341035	5.101313901086297
A17C_Medtr4g100360_rep1	4.630541377888725	4.418302408096339	4.808488023072601	4.4633390860895386	4.934028915971623
A17R_Medtr2g047875_rep1	3.5570424152637194	3.3370925937419296	3.8551259472869837	3.418099973513052	3.741610799299403
A17C_Medtr1g105900_rep1	2.5105400169375134	2.2877677779753767	2.7533192777440405	2.327974725005777	2.6335862055256234
A17R_Medtr5g024990_rep3	4.9150427913719765	4.823936137829407	4.934028915971623	4.758658511987738	4.953327329137333
A17C_Medtr8g037325_rep2	3.165858355952122	2.6642552679940095	3.37684601401632	2.9232759773647166	3.5375859852822438
A17R_Medtr5g026970_rep1	0.9063775461575608	0.5827165611401951	1.0703893278913978	0.5217208228586152	1.0908534304511135
A17C_Medtr2g046620_rep2	1.5589206588675597	0.9428585216738772	2.0107798387532423	0.7250867246302268	1.5408538865040309
A17C_Medtr5g023030_rep3	2.632500889484517	2.3187506693463384	2.774769492431316	1.8987887971115536	2.9318721265890573
A17R_Medtr0336s0070_rep1	0.14839183989267116	0.0	0.2041407167802252	0.0	0.12829340100981754
A17R_Medtr4g062130_rep1	3.2286134926089813	3.0432861705650134	3.400811141409352	2.9419201020222503	3.479101188920827
A17C_Medtr4g100740_rep2	4.669877160489095	4.105733943256541	4.723649568886794	4.226148838773881	4.84503835396662
A17R_Medtr0268s0020_rep2	2.9232759773647166	2.7894510476356427	3.1254857971593766	2.7213726594768195	3.1525079483649034
A17C_Medtr5g034130_rep2	7.67940737645913	7.4508950583019615	7.726379396048618	7.537798209878862	7.888296776291346
A17C_Medtr5g018470_rep2	1.8562553625409568	1.1005291879633952	2.1671437986040374	1.051720116447328	2.011853405743789
A17C_Medtr4g125960_rep2	2.6836964543065163	2.296702118599189	2.6810743932741614	2.257111221047032	2.6653927710418914
A17R_Medtr1g031060_rep2	0.1366288980542238	0.0	0.2302030133664215	0.0	0.12256229017845173
A17R_Medtr3g026210_rep1	2.07450543636363	1.918004518597875	2.3107278897425294	1.9020092436492504	2.206018004020896
A17C_Medtr4g102330_rep1	4.045326469364819	3.684519547373617	3.971804096858045	3.6555426486698246	4.0755326311673565
A17C_Medtr8g092820_rep2	1.486628572379995	0.3796209620557083	1.914054196272173	0.5420103555366091	2.25479557897548
A17C_Medtr4g013135_rep2	0.9835560970713874	0.6903425934776124	1.0266820426525054	0.7250867246302268	1.1684280969448355
A17C_Medtr1g103570_rep3	3.896497908223066	3.667778612106852	3.9687666169433635	3.610385097601063	3.958811748973056
A17C_Medtr7g076290_rep1	2.2667365763650937	1.8433139136713528	2.399535709994352	2.0854246562526777	2.4019944618032447
A17R_Medtr1g112900_rep1	2.693394027289567	2.3077199493000737	2.879509734616671	2.344828496997441	2.629861717792417
A17R_Medtr6g086820_rep2	0.267835392097615	0.0	0.4615285594728771	0.0	0.2638356805230329
A17R_Medtr1g072260_rep3	0.8615584195720287	0.589124277829244	1.0188715180633978	0.5317349424798598	0.8131141913462892
A17R_Medtr3g104400_rep3	5.3011486259452685	4.5317557328396365	5.399729374862479	4.017209290032223	5.203057558458747
A17C_Medtr3g088520_rep3	4.485534166558028	4.089469902304384	4.735576331499389	4.348893361381544	4.875517969318857
A17R_Medtr5g074710_rep2	3.6361799022794847	1.6945087949233115	4.608789533592253	3.0263279346431458	4.883001640848357
A17C_Medtr8g088860_rep3	7.893602882576191	6.804415013729932	7.719381975397773	7.1525113284943975	8.07507619043243
A17C_Medtr7g007070_rep2	4.643990835028529	2.1746194725123984	4.704632232940126	1.8627489257935297	4.791432079669751
A17R_Medtr4g066640_rep3	3.1685885538794984	2.608888076316203	3.5791399117605964	3.024851548340936	3.7158201725952873
A17R_Medtr3g110160_rep1	3.4872719529146083	3.3479962950729	3.5375859852822438	3.238583074709189	3.551269907930916
A17C_Medtr8g007150_rep2	2.0272720295911206	1.7314729102893438	2.615573239883736	1.6302501341964786	2.4866285723799946
A17R_Medtr1g087910_rep2	7.780126337972349	7.548040959624995	7.984583654303198	7.713993596538246	8.07507619043243
A17R_Medtr8g093840_rep3	2.5011418705221344	1.719548541088797	3.13224779829844	2.2460026365190933	3.4208865749755315
A17R_Medtr8g015230_rep2	3.985227166729697	3.85409541516792	4.0703320769522495	3.790667793124725	3.981213342970905
A17R_Medtr5g022050_rep1	2.8393549796546487	2.6363732748910427	2.8875252707415875	2.531818102121402	2.804948424350509
A17R_Medtr0117s0080_rep1	1.3868109464722167	1.2130880140463582	1.5033487351675043	1.2347056827752994	1.646623508476583
A17R_Medtr2g079360_rep3	5.064063689641984	4.366228946097099	5.460130937623791	4.518052481378742	6.088085046096188
A17C_Medtr7g033490_rep3	4.707082991771706	3.8873302987782	4.846844293959455	3.8278867551889566	4.73950610600679
A17R_Medtr4g106690_rep3	6.076017441270956	5.2539262540650284	6.0043515718868266	5.568052378589491	6.367528327611972
A17C_Medtr1g077040_rep2	1.2145393133404394	0.775963572963716	1.5964581395589854	1.1684280969448355	1.6165145372469822
A17R_Medtr1g096170_rep1	4.523311030751417	4.149990934682721	4.579662897016007	4.252350054803155	4.5390967583739465
A17C_Medtr8g063230_rep3	4.686986012750917	4.610424471928405	4.849198651764703	4.531360664762238	4.844703672411087
A17C_Medtr3g094760_rep2	2.5555707778961723	2.3897503490749616	2.6475447697089667	2.439179845176647	2.635986503745623
A17C_Medtr4g124750_rep1	2.7797499922554456	1.2785795504584234	2.690268087575208	0.8872653022678885	3.2499003781629083
A17C_Medtr3g099240_rep1	4.400310213532291	4.207372304985537	4.514900747636644	4.263309894207265	4.510814267492638
A17R_Medtr2g045470_rep3	5.3787543640161655	5.25441767598607	5.473256570696635	5.0851413471299765	5.600923861693643
A17R_Medtr7g097270_rep3	4.103357755566814	4.017417173301991	4.2016861317821785	4.0484396461861945	4.2288956321796345
A17R_Medtr1g053520_rep3	4.01884185220812	3.87895416686915	4.08270258933025	3.8614922515237273	4.119051778886655
A17C_Medtr2g036810_rep2	4.9442181468489235	4.809054240025719	4.9306900353106835	4.765393298738874	5.003302393586341
A17C_Medtr1g115340_rep3	2.344828496997441	1.9605117101190241	2.549997671904181	2.105454594811309	2.554752552465387
A17R_Medtr2g054850_rep3	0.14795788138710142	0.0	0.32807049923098514	0.0	0.2896377653284226
A17C_Medtr1g090807_rep1	0.3060677671197664	0.10388924314472414	0.4816433834832802	0.0	0.3157594268429587
A17R_Medtr3g111290_rep3	2.1213470168784423	1.4769864643695891	2.373137761002091	1.9035525082366558	2.5606334439775003
A17R_Medtr5g007940_rep3	1.7601499634144695	1.5101179911802587	2.085084678628649	1.3664387909531546	1.8587767453081927
A17C_Medtr5g006350_rep2	0.6403124291484129	0.0	0.7977047520238847	0.0	0.6480051798104931
A17C_Medtr1g116060_rep2	3.1959774586425875	2.5203803395650666	3.26703633639129	2.4251011826235414	3.167197333867264
A17C_Medtr3g029580_rep2	2.3603642765434705	2.0979478355348324	2.7123022962287795	2.0598167185417973	2.5247323641047736
A17C_Medtr0027s0180_rep2	1.175258445745353	0.2465094321265421	1.7217372065516312	0.7868751166092643	1.7474590134146593
A17R_Medtr3g014200_rep1	2.549504892083533	2.2636354035683297	2.7629865648805763	2.204245074626189	2.6121165522248826
A17C_Medtr5g092410_rep3	3.550079785512496	2.7677254130065	3.452375789582568	2.95413425765279	4.076217021617047
A17C_Medtr5g045370_rep3	2.8543946777531004	2.3983503703459648	2.8655889425853265	2.64347141979221	3.0806008184491054
A17C_Medtr4g014070_rep2	3.2551481991447044	2.79507424356738	3.5227672094899845	2.9111163063782195	4.028804867423321
A17R_Medtr7g094980_rep3	3.2974360033327192	2.9187678493251474	3.302660246122011	3.1135893815892213	3.3343299042958816
A17C_Medtr4g064480_rep2	1.0958119247713047	0.0	1.176748283642188	0.21867785616951024	1.3091761874785144
A17R_Medtr2g026050_rep3	4.991060714640188	4.88339272993496	4.972370998236007	4.8340369647101085	5.038845847005239
A17R_Medtr5g097970_rep1	0.7852017798190536	0.06166100775542682	0.7450221490372645	0.12653240592893192	1.0205318331313529
A17R_Medtr8g023140_rep2	5.619980273025651	5.320280077126439	5.653977178636337	5.452738186100863	5.642663068649551
A17C_Medtr1g085610_rep2	2.423578170981797	2.156396616597665	2.4508373367021052	2.311309348086219	2.554752552465387
A17C_Medtr7g098200_rep3	4.439157676981734	3.7588361466015145	4.27373966165007	3.9418262264759534	4.591400168907483
A17R_Medtr8g073710_rep2	1.4900566244643114	1.0470730032622642	2.0900630054099176	0.8686867653221351	1.6551991543925175
A17R_Medtr3g005170_rep3	6.65401538104974	6.297729452728447	6.664881005655369	6.430491580568664	6.647856521777272
A17C_Medtr4g069290_rep2	0.19198369113593133	0.0	0.3840498067951597	0.0	0.4681488357384062
A17C_Medtr7g089190_rep2	2.6048620581588606	2.0705038229544237	2.740567830846402	2.1968168448718752	2.5526229920092782
A17C_Medtr3g087050_rep2	2.7411433549553164	2.6023301807234445	2.882447416431732	2.4222330006830486	2.928086020123009
A17C_Medtr3g087740_rep1	1.6168281666049324	0.8752558279461177	2.215160852105372	1.0414766359761594	2.680324356844016
A17R_Medtr3g111420_rep1	3.108134109664633	2.8752558279461176	3.193666625174412	2.8495990111514513	3.200326479982864
A17C_Medtr4g052400_rep2	1.0064775640712045	0.7846435693106816	1.0708472536342963	0.8270060096389769	1.043577818541604
A17C_Medtr7g093010_rep2	0.6403124291484129	0.2558028366027179	1.0628124924050213	0.0	0.7204244057565297
A17R_Medtr3g117085_rep2	3.3884650972831536	0.0	3.0513140911039613	0.0	3.8119162380756895
A17R_Medtr6g004520_rep3	3.404040225490036	2.8863550435251564	3.47348388353391	2.9813655854117567	3.5730513058686117
A17C_Medtr4g131940_rep2	2.12994238397696	1.3563316489132418	1.9879271676994248	1.6114871727663729	2.2901294646757027
A17R_Medtr1g492850_rep1	3.6239448769962017	3.5189547100309087	3.7238497649934814	3.425325019379593	3.644625422019496
A17C_Medtr1g054070_rep1	2.569167000069026	2.2845141332442456	2.8398924213524643	2.4508373367021052	2.6921295817831568
A17C_Medtr1g028560_rep2	1.1516423745930924	0.5330649218696377	1.1622100363143073	0.7510351766678621	1.2066432239833953
A17R_Medtr7g111960_rep2	1.7864569643313102	1.5647846187835257	1.8541286696319648	1.5652722079418502	1.7422937148614877
A17R_Medtr1g109590_rep1	3.816736221962804	3.725559399648167	3.8316408251625313	3.681636664813941	3.8653579873223216
A17C_Medtr8g036075_rep3	0.4171999204294646	0.16735792773851413	0.4428992746333535	0.2120504771149888	0.3983503703459648
A17C_Medtr6g007767_rep3	9.950821229390046	9.643663817610843	10.080319669742456	9.377162078162536	10.115099587658651
A17C_Medtr2g078360_rep1	1.6608373676962838	0.32730412734529346	3.0072553133915627	0.4240262825060986	2.8808813972376512
A17R_Medtr8g106780_rep1	3.1257061989534702	3.0336872878705967	3.2635853299851765	2.8710550750866286	3.228510882719828
A17R_Medtr3g072920_rep1	2.596458139558986	2.180784391078699	2.5890443567677672	2.333709954347277	2.6786729028471727
A17R_Medtr5g014010_rep1	2.8623521995320202	2.7819891158647034	3.0163180222946733	2.7798900393400467	3.0091679888719667
A17R_Medtr1g088460_rep1	3.190614860209497	2.8031581381784663	3.561611266126804	2.471187460386985	3.607744566691984
A17C_Medtr3g019300_rep3	4.496334513417112	4.3801753117420255	4.621563515156272	4.4721194689642525	4.629317759083745
A17C_Medtr2g104230_rep3	2.3020752906980406	1.593752140454287	2.912074971468242	1.873550747013832	3.1474152496280086
A17C_Medtr5g088340_rep3	3.9629191345312695	3.714172236056878	4.07724299893246	3.796701571199496	4.11544947301776
A17R_Medtr6g016600_rep1	1.0217166037004324	0.7142821570749167	1.1483918398926711	0.7798900393400472	1.0484687096344758
A17C_Medtr1g080150_rep2	4.837270499961892	4.697773819555187	4.967891004080153	4.555079898326656	5.098818155118853
A17C_Medtr3g110650_rep1	4.007494536546925	3.873780394551837	4.085622939541056	3.841235150325456	4.044714682639605
A17C_Medtr7g103590_rep1	2.410612466420754	2.137831371732459	2.5953445192482767	2.141214778833544	2.3914927899807217
A17R_Medtr2g078010_rep3	7.062452752168842	6.8237026621494605	7.021672192358492	6.854294930455319	7.135127816272798
A17R_Medtr4g011550_rep3	3.353464448155416	3.2841686189231383	3.442766602853885	3.169069817634884	3.5029670193190303
A17R_Medtr2g034960_rep3	3.256004203766265	3.118027422590794	3.466844606292141	3.1148667172877316	3.5015240695196748
A17C_Medtr7g117200_rep3	0.358396261956654	0.18396283484259515	0.5756350451593986	0.1535891857990763	0.5123111782402459
A17R_Medtr2g098400_rep2	0.09581192477130482	0.0	0.1957675357552203	0.0	0.152724260688704
A17C_Medtr1g080320_rep1	1.8193956941121552	1.6628131420932148	2.0275079568264602	1.4922804982113045	1.969012307516316
A17R_Medtr1g116947_rep3	10.643511404575957	10.197368245957396	10.643511404575957	10.175993164687977	10.698321807000582
A17R_Medtr2g047845_rep3	2.5577776713949256	2.1519670256181778	2.7166983030048817	1.9458573691923595	2.681824039973745
A17C_Medtr8g006525_rep2	1.7560269592596365	1.1357537417999752	2.042761055586696	1.4617031670423355	1.914054196272173
A17C_Medtr5g015720_rep2	2.8518656181233975	2.5231437229649725	3.0905147298882505	2.7045769046248944	3.187609409226529
A17C_Medtr7g088490_rep2	6.152338931792091	6.00137441382076	6.300074901575698	6.035719206560542	6.388465097283152
A17R_Medtr8g007445_rep1	1.0738202332916709	0.937093248439808	1.3598959450863828	0.9002066793297494	1.3047057243608036
A17C_Medtr2g009620_rep2	2.264436344624787	1.526903463146401	2.191246789716267	1.4437834415059676	2.463448081431256
A17R_Medtr5g071400_rep2	0.8302553241676829	0.6335087100221055	0.9150746702605316	0.6464699077268088	0.7968745831848913
A17C_Medtr0421s0020_rep2	0.7381192887825767	0.0	1.4571564879988026	0.0	1.1416507700852423
A17R_Medtr7g089905_rep1	1.6140030448649043	1.3696060700318378	2.087802258977088	1.170138718210482	2.0729061226696817
A17R_Medtr1g063350_rep1	1.9937347369275469	1.5772475355931508	2.1330154517912367	1.8297142797057293	2.2265085298086795
A17C_Medtr1g031880_rep1	4.945560885993885	4.793670498019088	5.004066870354677	4.903182918112721	5.0000601110410665
A17C_Medtr4g021410_rep3	5.770820238343573	5.6119002340040005	5.882520781889343	5.554404666085854	5.86036693013812
A17C_Medtr4g070240_rep2	4.083894125624306	3.7286098798904432	4.460480470040012	3.5544251323128577	4.9249074927446665
A17C_Medtr1g091840_rep1	0.5453094537977029	0.0	1.1669296376831528	0.0	0.7530339627938597
A17C_Medtr8g036185_rep3	1.7555997683052569	1.3410369178350672	1.9084286501687868	1.4123299069153514	1.8964656161894256
A17C_Medtr8g089785_rep2	4.902427374174902	4.6571445414933486	5.0244822155719735	4.799208216539826	5.087137490979662
A17R_Medtr5g034420_rep1	0.3184614651675829	0.25942315228141505	0.4001735666468537	0.2108044470612361	0.4193591052289376
A17C_Medtr4g134760_rep3	4.6802493317502165	4.466300829179342	4.746115663475376	4.591938670287252	4.8356377968368465
A17C_Medtr8g041660_rep3	0.06534252819887196	0.0	0.06442302846035976	0.0	0.06304267908933701
A17C_Medtr8g101560_rep2	2.5147534984397533	2.2382773434098664	2.7477454329194493	2.3416062903508656	2.533812496827667
A17C_Medtr1g007870_rep1	4.879444384808453	4.401152583448408	4.777858024813106	4.383865542788154	4.900110049796159
A17C_Medtr2g010750_rep3	6.9323525668157675	6.5316257881753526	6.834138122465061	6.361628012608312	6.9496283083149875
A17C_Medtr8g036040_rep1	3.652868868374125	3.390759387135473	3.830153893785465	3.467149031972992	3.8931680260888495
A17C_Medtr5g089030_rep3	5.197288785098455	5.0411407468181055	5.227343181287493	5.04468554346628	5.252980741169871
A17R_Medtr8g074810_rep2	0.3957940185098601	0.2509615735332188	0.4414834795826449	0.2598248493579038	0.4150374992788437
A17R_Medtr4g120880_rep1	3.3438341716209843	3.2565578185870256	3.4116974035208703	3.2341436170170783	3.3792974930104163
A17C_Medtr4g075640_rep2	4.131589484328135	3.895367256759983	4.430597510840896	4.051633120635748	4.374228049387948
A17R_Medtr8g080890_rep1	1.3246186152585275	0.9730601728040841	1.479575497260792	0.8859647567539704	1.2758017019076715
A17C_Medtr5g055190_rep1	1.771603912165215	1.2471173519505057	1.8678964639926547	1.3906676855596674	1.904451984131856
A17R_Medtr8g098525_rep3	6.275075355307031	6.137278085036937	6.3973123986551474	6.1513785418310425	6.399051434055591
A17R_Medtr5g018110_rep1	3.061718603820703	2.639695233399582	3.227176289617357	2.471187460386985	3.0627549399948846
A17C_Medtr3g078320_rep3	0.8213020398895298	0.5843211603945736	1.083156623965276	0.5443205162238105	0.9221978483963672
A17C_Medtr3g053510_rep3	5.529675212396453	5.364910889000997	5.85730094410668	5.31866632411602	5.860913151613652
A17C_Medtr7g069930_rep2	2.013283586818423	0.8945267702573945	3.2227015371554124	1.100977647724821	2.624646823509198
A17R_Medtr8g106520_rep1	3.0163180222946733	2.4607425637896445	3.2825386502012384	2.4827622521765886	3.2362885091543654
A17C_Medtr1g052515_rep1	0.8046043110415693	0.5594102335708231	0.8639384504239714	0.6372238066009561	0.8059802720813865
A17C_Medtr3g045150_rep3	2.7963208717826276	2.596537650983453	2.991075836040926	2.5371303733912347	2.9594610614682626
A17R_Medtr7g026210_rep3	3.3962965166689156	3.056294498005612	3.585483379888398	3.1963972128035034	3.4872719529146083
A17R_Medtr5g086350_rep3	3.9071149973840815	3.7428685510244426	4.028804867423321	3.820723594011072	4.142794620629699
A17C_Medtr4g088150_rep2	5.0519085893779065	4.355650617278015	5.612735829578327	4.309054890423576	5.8081361703024506
A17R_Medtr3g073075_rep1	1.7982579326445003	0.7723079749584034	2.068326861434506	1.326920788684638	2.1070182498821204
A17R_Medtr3g086790_rep3	6.067129565397132	5.628229225991284	6.131987251603593	5.331514143716562	6.168588553879497
A17R_Medtr8g070000_rep1	2.9321241807571385	2.8164631781879867	3.030748049952122	2.710319714616149	3.030983409476424
A17C_Medtr5g083050_rep1	4.0880284931065916	3.7364605625162	4.270553859178344	3.7031745457404286	4.041330606820623
A17C_Medtr7g098220_rep3	0.0858778351604055	0.0	0.14752379230878818	0.057508036594665565	0.15531748195172726
A17C_Medtr5g008010_rep2	3.235267529641184	2.25479557897548	3.2801644943595387	2.234910016043949	3.700513700605194
A17C_Medtr1g075680_rep2	3.334568275666133	2.7388398796975566	3.1992797213366253	2.333709954347277	3.570260518533125
A17C_Medtr3g466180_rep1	1.3681164518913511	0.4854268271702419	1.279768421593595	0.4240262825060986	1.5748281235874433
A17C_Medtr6g471020_rep2	2.2522743539080947	1.4662355621504046	2.3357119103204607	1.7428685510244426	2.1826922975161898
A17C_Medtr2g069090_rep2	3.603240585745505	2.2667365763650937	3.735919260919912	2.7083344047488667	3.9923756839409994
A17R_Medtr4g054440_rep1	0.08814159686901757	0.0	0.10835717809041852	0.008152195763459078	0.12079428132864105
A17C_Medtr4g056480_rep2	5.024068450590035	4.6532129178562185	5.143053223010418	4.87656605875172	5.167598785031856
A17C_Medtr8g027440_rep2	3.3732769926414736	3.014474322310984	3.4915538396564663	3.138104521484471	3.533397225231901
A17R_Medtr2g098420_rep3	3.292683603369725	2.3683958724753724	3.4251459527531325	2.5823151323163	3.918449843936488
A17C_Medtr2g105430_rep2	5.0843477854813175	4.865852846192572	5.207944895978233	4.828868491319335	5.11583784610345
A17R_Medtr8g013640_rep3	8.089822969239293	6.549468953636688	7.863298376761212	7.1299664177071795	8.176427499881322
A17C_Medtr4g124750_rep2	3.0254422841779043	1.8573175345314283	3.3627971523997555	2.1579060503032865	3.1920363125515405
A17R_Medtr3g464760_rep1	4.339422474346635	4.253611151947168	4.38867173284354	4.181341124473311	4.421963816049207
A17R_Medtr7g108615_rep1	4.18848005226213	4.11544947301776	4.248990160441303	4.113894934330672	4.314116431140675
A17C_Medtr3g118090_rep2	3.668383912250889	3.422546985955984	3.8229680285741288	3.3386621106471632	3.702288142533461
A17R_Medtr8g099265_rep3	0.2590213433271706	0.07952033964352635	0.4643197478470476	0.1669296376831529	0.34369206917901896
A17C_Medtr3g015100_rep2	0.7677960243194805	0.0	0.9277700622932072	0.1915626507007556	0.9619936774202552
A17C_Medtr5g098790_rep2	4.121595678803317	3.6943602089979635	3.9660304836073528	3.7420780922369645	4.186711833187215
A17C_Medtr1g012160_rep2	0.593911457448639	0.4358063643734157	0.6458553411399269	0.4308204965197713	0.8125666789902344
A17R_Medtr5g009310_rep1	3.66148359168957	3.158013806589768	3.9660304836073528	3.3989431619067347	3.777752842725678
A17C_Medtr4g096700_rep2	3.4943302665516973	3.124548713710817	4.067179771415509	3.2140729834795723	4.123804125365929
A17C_Medtr1g071040_rep2	4.862137260580454	4.241840183564671	4.993281861501604	4.1254031378050176	5.517832083993853
A17R_Medtr5g026440_rep1	0.21536797220347947	0.0	0.25419088666866513	0.0	0.4868001685789352
A17R_Medtr7g114550_rep3	0.07496205768122191	0.0	0.13312508323936062	0.0	0.15142589998230446
A17C_Medtr4g124790_rep1	1.0660317686168967	0.6930222465786091	1.3173040683619148	0.9481024211484814	1.4276061727818996
A17C_Medtr4g094805_rep3	5.5134170508769405	5.222933330562639	5.562486669371847	5.235293062936897	5.5472647298120465
A17C_Medtr7g061020_rep2	2.353040935737612	2.0176844077842166	2.76934859947786	1.8530641464027855	2.807904415509644
A17R_Medtr8g039690_rep2	4.047509306567302	3.616396908657789	4.320821604480473	3.8832949676019846	4.287767777975376
A17R_Medtr1g054210_rep2	0.14708957257913288	0.0	0.1843860987567032	0.07860983469636648	0.18057224564182084
A17R_Medtr7g446320_rep1	0.10209818761873599	0.0	0.1924046087292567	0.0	0.2501531145370616
A17C_Medtr3g112000_rep1	3.1823744882758063	2.1086917160724137	3.7635178073069087	2.350780100734856	3.3382342298917567
A17R_Medtr8g076840_rep2	4.021183577344567	3.879836439262848	4.007913081643264	3.936999058275953	4.024644733638986
A17R_Medtr1g047200_rep3	5.056785815171233	4.971727471475437	5.094953860097051	4.9445461403531565	5.101047706971691
A17C_Medtr8g022770_rep1	3.991257280488424	3.788616114383948	4.049659807187588	3.9004321230753662	4.120462538321571
A17R_Medtr5g074770_rep3	0.09985623683206657	0.03186566588377629	0.12212049105054995	0.0	0.12167855658825248
A17C_Medtr7g093220_rep2	2.9808174374212877	1.8748625265558247	2.743443158237412	1.7389839547005117	3.3704433048213014
A17R_Medtr3g022850_rep1	1.3798057689528918	1.3095642695362382	1.4423685142959342	1.2644363446247868	1.5382070424346648
A17R_Medtr3g116640_rep3	3.0927712331102777	2.9571717072463906	3.059816718541797	2.9933120576198795	3.1414327909292954
A17R_Medtr8g096970_rep3	0.7057567820497971	0.3983503703459648	0.8155754288625725	0.4506614090095652	0.8739444061297099
A17R_Medtr1g080600_rep1	0.5597365244329826	0.444313681649476	0.6768691580309804	0.42259183541711737	0.5603888848514637
A17C_Medtr8g013560_rep3	0.07267750448666825	0.0	0.06442302846035976	0.0	0.08224841175971452
A17C_Medtr3g102800_rep1	3.7706528820368033	3.446565030639477	3.963196655940395	3.554875315867559	3.848864934051183
A17R_Medtr7g077620_rep1	0.05889368905356863	0.019583315647554632	0.09671164107167696	0.0	0.0940108071330136
A17C_Medtr3g089040_rep2	6.799713339948393	6.7381373079426385	6.906173077176456	6.6593109401222526	6.890252115157068
A17R_Medtr7g059110_rep3	4.649232222232657	4.2696067182101185	4.733770095062373	4.292487291620764	4.823052976437107
A17C_Medtr1g025250_rep1	4.837270499961892	2.3510628989403846	4.143420630882618	2.3353307994898507	5.4057995337737
A17R_Medtr6g014020_rep3	2.02207184522746	1.3070398681206916	2.0545012161825604	1.488515008957812	1.974651673286372
A17C_Medtr1g051230_rep2	2.349082146391089	1.8541286696319648	2.367836977178781	1.6241788971174356	2.4088929789809432
A17R_Medtr8g099975_rep1	0.5736976746253419	0.3296020227727833	0.6198042499334571	0.25701061820602394	0.6024885533061698
A17R_Medtr7g024480_rep3	2.4195388915137843	2.161995141692492	2.5173596904755304	2.1286233484191204	2.551639056734386
A17R_Medtr4g027840_rep3	0.6965873926454856	0.0	0.472661057756975	0.0	0.8010206585766494
A17C_Medtr3g099620_rep1	4.161269635934026	1.59215800212536	4.100893572137461	2.40717143971076	4.081623684047964
A17C_Medtr4g119490_rep2	1.0138790774121291	0.0	1.3523818914290764	0.28885069763793103	1.4453735776498025
A17R_Medtr7g077230_rep3	0.3681164518913512	0.0	0.6507645591169022	0.14578612869505675	0.7720263910713205
A17C_Medtr3g078310_rep2	5.481794050974913	5.026519753937126	5.460130937623791	5.169844849491357	5.6421528044313565
A17C_Medtr1g072110_rep1	1.4769864643695891	1.0767870990895485	1.6053362909054385	0.6372238066009561	1.6308713830125765
A17C_Medtr0393s0040_rep3	0.6723499049644512	0.0	0.6501518196552009	0.0	1.0009614762374448
A17R_Medtr0002s0820_rep1	0.3025627700204313	0.17802406415942013	0.4001735666468537	0.10299399332332566	0.3145998594335368
A17R_Medtr4g057565_rep1	4.7616398745778294	4.617866577138965	4.816326636919581	4.681374298698978	4.790633043205031
A17R_Medtr1g115505_rep2	4.457638064935916	4.270553859178344	4.538641623419794	4.350355799460029	4.500823293993856
A17R_Medtr1g076210_rep2	1.6035966748602073	0.13881446890228188	1.9282755616119351	0.04124298223188135	1.7422937148614877
A17C_Medtr8g013095_rep3	3.6337411840455793	3.531776522899816	3.721664304505536	3.477806827591505	3.7624551267632143
A17R_Medtr8g007305_rep2	4.493284394510102	4.363941990909407	4.571150921156338	4.397962644127016	4.5719396825096466
A17C_Medtr4g132890_rep2	4.365319265516049	3.847128356477472	4.241255463503442	3.947416803636181	4.429816789440334
A17R_Medtr1g096970_rep1	3.804535478529288	3.6723121849816818	3.9721105576971807	3.694100146799713	3.9667380716316547
A17C_Medtr2g098500_rep2	2.767442933189475	2.307525673102515	2.7891727902374357	2.5166875753732785	2.98483236127656
A17R_Medtr1g107450_rep2	3.500292176734166	3.2072681731120283	3.554875315867559	3.2646865475426177	3.7399200916737136
A17C_Medtr1g102430_rep2	4.868456305484669	4.718818247455947	4.995002032341214	4.790893647202794	4.9466372971167765
A17C_Medtr1g029840_rep2	4.8442015044565725	4.736406441495034	4.848230657647068	4.747673833373993	4.9292702460861815
A17C_Medtr7g099830_rep2	4.888304895208488	4.687228694283938	4.959198279709018	4.4968883883417865	4.911835364910601
A17C_Medtr8g074540_rep2	3.394834217557044	2.802813597532287	3.6785226768834938	2.6520657670304075	3.695102985640479
A17R_Medtr4g071110_rep1	0.3025627700204313	0.16949747290432254	0.3360929205011761	0.12653240592893192	0.4453735776498027
A17C_Medtr3g097170_rep3	3.2960657830490985	3.1178612422023257	3.37684601401632	3.1692836611157302	3.539448355248981
A17C_Medtr5g007230_rep3	2.824360542287712	2.004800986263821	3.1895083170898664	1.9730601728040842	2.886680201867016
A17C_Medtr4g116900_rep2	2.2464080872463845	1.72100802026323	2.6370692017633344	1.2141248053528473	2.443164581595984
A17C_Medtr3g060850_rep3	3.5962195789894644	3.4579444393105585	3.651109110734403	3.5011418705221344	3.7760337822267367
A17R_Medtr3g090980_rep3	5.25107522675394	4.9504839670529295	5.213308394550569	4.885623169196818	5.374390362290008
A17C_Medtr5g008550_rep2	1.1632840295455402	0.4125105712498047	1.329984649758421	0.7250867246302268	1.8482640475687475
A17C_Medtr1g063060_rep2	3.2381754185773755	2.6403895600549454	3.9773409886642974	2.5130695822393703	3.6785226768834938
A17C_Medtr4g085590_rep1	8.000837571911163	7.631009671538049	8.412099809422878	7.563613223612795	8.594220084068597
A17R_Medtr4g093860_rep2	0.27818304226824303	0.0	0.2884570027137008	0.07860983469636648	0.4747388714251459
A17R_Medtr5g097950_rep3	3.368954551341611	3.252627590772562	3.4500454930860687	3.1779177921958435	3.361253687683984
A17C_Medtr5g081850_rep1	4.387247642733716	3.7673369889969615	4.409300411255893	4.0681548560643	4.638170399882196
A17R_Medtr1g019930_rep3	6.000758718162607	5.800373619202625	5.943264980700926	5.785742340361877	6.023854132791178
A17C_Medtr3g462730_rep2	3.4229954178385227	2.583037623796664	4.041330606820623	3.1562887394494568	4.453385880366451
A17C_Medtr4g112350_rep2	2.298951516468052	1.443076151362673	2.4811266897366155	1.6347481388276228	2.584962500721156
A17C_Medtr4g012430_rep3	0.7063463591078141	0.6341285575250407	0.8862249596658289	0.5443205162238105	0.9297909977185976
A17C_Medtr1g033480_rep1	3.6453173805378105	3.0208281170008946	3.853130702121705	3.0432861705650134	4.026062296586196
A17R_Medtr8g099570_rep3	0.4857702851032743	0.22115529531447306	0.666908047980779	0.2330699739369385	0.5119739817818012
A17C_Medtr3g463490_rep2	2.4059016212852358	1.4245638326734884	2.1556413071090983	0.8947854336450688	2.5818332702407147
A17C_Medtr2g088450_rep3	3.549299517470621	3.3869028935128704	3.79025073883523	3.103161894986697	3.815575428862573
A17C_Medtr8g009530_rep2	2.8721064105610217	2.6279958620071286	3.0583164955908213	2.620664603186017	2.9924058990316507
A17C_Medtr3g008720_rep1	0.8557239831460407	0.1911414873520081	0.8991756304805131	0.0	1.3651325934525298
A17R_Medtr8g101520_rep3	3.8021932169418253	3.3581148977352084	3.892002368841848	3.415803727507959	3.7508565788834463
A17R_Medtr2g084315_rep3	4.84981582610555	3.660114774638515	4.789607543840597	4.110029092799366	5.023565862095534
A17C_Medtr8g009560_rep3	2.240721381615705	0.9577908099640788	2.3086909380572065	0.8463930208523603	2.4560175758077856
A17R_Medtr8g094600_rep1	2.3201958212661253	1.6271398709655511	2.252577133658247	1.823341761763144	2.4133232808990623
A17R_Medtr3g070070_rep3	5.410759432757242	4.983571297335219	5.292008669791169	5.0796909953668745	5.491211756003091
A17C_Medtr4g119900_rep2	4.683902271601997	4.190430495284758	4.9215950134555655	4.495247448423405	4.989108723779174
A17C_Medtr6g017100_rep1	3.9677219649673563	3.6712178762602607	4.027213041753398	3.8523984202865527	4.143202918994043
A17R_Medtr1g095910_rep3	5.0586628393785595	4.887346547448252	5.311164005469019	4.877564310775126	5.3867764648211205
A17C_Medtr2g062990_rep1	0.5187029820445401	0.1643572238529242	0.5782141654724542	0.0	0.5894439178085927
A17C_Medtr4g093680_rep1	4.7248685146863965	3.4714042603033732	5.352864435530528	3.626010742588436	4.58706489836317
A17C_Medtr5g067730_rep3	2.9449833490620985	2.8626166958277266	2.9546926361992485	2.7910499870085848	3.0366205497807233
A17R_Medtr4g092050_rep3	4.542113566634076	4.405833563746872	4.524627901981816	4.4361840535903445	4.6054943338525085
A17C_Medtr6g007030_rep3	2.619960715964833	2.0208873664738243	2.5289879817013468	2.230510460366176	2.6403895600549454
A17R_Medtr1g021040_rep3	1.7786291258955675	1.5672209183338892	1.7484612330040357	1.6461626571578938	1.8061177960356287
A17R_Medtr5g087760_rep1	3.982004828284965	3.786422112836801	4.1528594394230165	3.7850622474391504	4.1925361202963245
A17C_Medtr6g093150_rep1	1.7128158544373715	1.2404161031717749	1.7537471443996078	1.5085976754411816	1.9983158731871868
A17C_Medtr2g049330_rep3	5.0120024491069275	4.619354315545512	5.135767420199946	4.6166517584805336	5.094264225211949
A17C_Medtr4g024620_rep2	6.155276998695892	5.722611743883456	6.498814642587568	5.9339109269490455	6.274292726707268
A17R_Medtr1g022295_rep1	3.0347439493247337	2.8683575257121143	3.2982672883115765	2.777858024813107	3.1723274916576165
A17C_Medtr8g031210_rep3	1.6708403358815618	0.8493321172387692	1.8403625186584376	0.8570520648387316	1.6450867645723442
A17R_Medtr4g094090_rep2	0.01863417413905097	0.0	0.040307988653537005	0.0	0.02998286621571431
A17C_Medtr3g112430_rep3	3.3774477058660954	3.1254857971593766	3.334568275666133	3.0932784603111587	3.4153079792423062
A17R_Medtr0025s0060_rep1	6.1722341362126745	6.108203822252816	6.184286907417798	6.135377534970738	6.184782795928178
A17C_Medtr5g072480_rep1	4.94945711565186	4.624003385585404	5.4046420368251376	4.84981582610555	5.374796064669972
A17C_Medtr2g029540_rep2	3.639733815870424	3.0883677777961704	3.836934011321092	3.2408231267436363	3.5788179804232554
A17C_Medtr3g111910_rep2	0.3718376173304205	0.0	0.6927247530130867	0.0	0.6072316645621889
A17C_Medtr4g095500_rep2	1.849332117238769	1.5827165611401954	2.042761055586696	1.6587065802457066	1.984650106928589
A17R_Medtr7g101290_rep3	0.9027810822985418	0.023373649626505084	1.0856512635005933	0.3261538056570632	0.8455904088478547
A17C_Medtr8g018590_rep1	5.591579691701823	2.484395962502666	5.6464603071369375	3.272918994765638	7.522244111042317
A17C_Medtr5g010650_rep2	1.0064775640712045	0.6113297849910695	1.5322338284421435	0.6476982560691188	1.2159891541467205
A17C_Medtr6g033070_rep3	2.265736926213617	2.023964990800046	2.2690331464552367	1.8671057295026543	2.5032639181510543
A17C_Medtr2g006440_rep2	1.2334790750430085	0.9752633216784936	1.5489297694764	0.8453227722566243	1.7550299835265677
A17C_Medtr0027s0220_rep1	1.262834017606388	0.3628906426658604	1.4594316186372969	0.0	1.1056780778945372
A17C_Medtr5g029770_rep2	2.94965943207136	2.2382773434098664	3.2801644943595387	2.0421773702443944	3.6596582135310185
A17C_Medtr4g122000_rep1	0.9056076297250452	0.4963771267307826	0.8530641464027859	0.5062295507949759	0.9944590420423621
A17C_Medtr1g111980_rep2	1.9977139225626537	1.253989266230787	2.0740486704769943	0.87263179113525	2.307137042204916
A17C_Medtr2g087840_rep2	2.3708152532709006	1.803778104066108	2.3541700260248564	1.5918389629730447	2.824496325350484
A17C_Medtr1g054335_rep1	2.3176899704749254	2.100304905795685	2.61706334388818	1.7070829917717063	2.751963528910343
A17C_Medtr8g094070_rep2	3.5342691575641036	2.896271848807374	3.5479844271841894	3.1738203577927058	3.7494270001097583
A17C_Medtr1g060010_rep3	2.8623521995320202	2.675966439235719	2.9991581823387863	2.7412872001163	2.896853072896707
A17R_Medtr7g097240_rep1	0.8445195644558522	0.6473912670178723	1.0551956542421246	0.42259183541711737	0.9448584458075387
A17R_Medtr2g094440_rep3	0.3083997100427153	0.18142064028014168	0.4251011826235415	0.2330699739369385	0.4365172266892953
A17C_Medtr7g074290_rep2	2.5243144702221514	2.103441687676302	2.4602183286672736	2.2010064660560933	2.616200839693912
A17C_Medtr1g096200_rep3	4.585623584461444	4.394651325908983	4.634941703428948	4.3859601584282615	4.5564702902081375
A17C_Medtr5g045910_rep2	2.9948210582813632	2.6164361192531653	2.9639672687552436	2.6353674541584	3.101481998382252
A17R_Medtr7g097000_rep3	0.12344548276244012	0.0	0.10030490579568548	0.02290040211007883	0.18692307779420966
A17R_Medtr2g084280_rep2	2.5287379984435723	1.7013272574129406	2.7832470973781165	1.3296020227727834	2.6584780948223616
A17C_Medtr3g085750_rep2	2.7411433549553164	2.258317908263868	3.073077562535312	2.053227210925782	2.946044590350734
A17R_Medtr5g041380_rep2	0.05565842731454165	0.0	0.05797006863732995	0.0	0.0922074380970889
A17R_Medtr2g028790_rep3	6.367528327611972	6.20978475750695	6.3807294485035495	6.2081985852381765	6.449506350869798
A17R_Medtr5g032570_rep1	0.7581610186806959	0.2497487150835689	0.6927247530130867	0.3576458353905073	0.9318091061657259
A17R_Medtr2g437080_rep3	1.788685710613534	1.4672794804599825	1.9112441652023284	1.677320305699499	2.048352452328245
A17R_Medtr6g048050_rep1	0.35200515946691746	0.2912106137163042	0.3666252940935981	0.2959188965164948	0.4099792094558148
A17R_Medtr1g051760_rep1	1.707966454775976	1.3370450059583456	1.8046043110415693	1.5053828490623045	1.7392720615493753
A17C_Medtr3g080130_rep2	1.4700595753410215	1.1824804324683185	1.8379432418910269	1.1218995407413823	1.7389839547005117
A17C_Medtr7g034575_rep2	1.7773671094504129	1.3563316489132418	1.8925853151926533	1.4487247871494404	1.8858346376972068
A17C_Medtr7g056183_rep1	3.3246186152585286	2.8323499570564223	3.3320395329875594	2.90342396588874	3.3569888917924766
A17R_Medtr2g086510_rep3	6.2595110330746015	5.9963510816117465	6.359720281587063	6.020479977197738	6.258600579643291
A17C_Medtr6g039830_rep1	1.8740756019685567	0.9153296760130096	1.7537471443996078	0.6028052463248688	1.8547935979936867
A17R_Medtr7g053260_rep3	3.4820738202919417	3.2773896988108633	3.570665315124134	3.3118421457773826	3.4848685335787546
A17R_Medtr7g077810_rep1	2.4943302665516973	2.1794048877900694	2.520883166770002	2.1430668323780657	2.4927077735115954
A17R_Medtr6g006990_rep3	4.01884185220812	2.8938799088194447	4.021183577344567	2.4147669685956332	4.738029189606233
A17R_Medtr8g028760_rep3	3.1460034511389248	3.018396791161816	3.2031489405674645	3.067351893072576	3.262834017606388
A17C_Medtr6g073880_rep2	0.3718376173304205	0.23470568277529955	0.39286691623079983	0.28885069763793103	0.3862591411333461
A17R_Medtr3g461540_rep1	2.7552436791905555	2.3309407734867618	3.039547859933841	2.616592950978604	3.0370307309449687
A17R_Medtr2g006870_rep2	0.20539251298968486	0.07541853452125538	0.2302030133664215	0.10924910704673436	0.20705988681398504
A17R_Medtr4g074380_rep3	0.05334307608593645	0.0	0.11058596741194354	0.04311115347498012	0.11236652307256316
A17R_Medtr2g078870_rep1	0.10209818761873599	0.0445106960657926	0.17120682741814242	0.019108822947704742	0.21495370226785795
A17R_Medtr1g073600_rep1	0.4197186553967521	0.25942315228141505	0.6266727526059934	0.0038420662943940437	0.6852674065168416
A17R_Medtr7g039110_rep2	0.3115031154682697	0.052879559602948864	0.5574509371525851	0.269831097272531	0.5220557491609642
A17C_Medtr7g055630_rep1	2.2281516906251326	1.2910141014173029	2.632966124909667	1.2289725697601608	2.295527125966663
A17R_Medtr8g075970_rep1	3.790980504742052	3.3593337465831112	4.04558858427814	3.2791245713440937	3.7727654315894674
A17R_Medtr1g108820_rep3	2.746527757118188	2.591280474632808	3.0412429822318816	2.511046284941617	3.0041417972577817
A17C_Medtr4g037720_rep2	0.5008020530571576	0.3504972470841332	0.5018212654209104	0.4179200078119653	0.5264027302064904
A17C_Medtr4g133090_rep2	3.6054943338525085	3.378881497641319	3.756916534347872	3.4158938452568104	3.9241632437154927
A17R_Medtr7g055747_rep1	0.1656440041144361	0.035154664307528005	0.1924046087292567	0.0944612973914405	0.1682141266009669
A17R_Medtr6g016895_rep1	2.0693584632238227	1.8163949091691207	2.168214126600968	1.722903138560449	2.0729061226696817
A17C_Medtr4g015460_rep1	8.636182319597104	6.2622890713672765	8.514788997388855	6.692301648697415	10.05245484053683
A17C_Medtr4g046023_rep1	2.553770068999083	2.349082146391089	2.740927560318628	2.2425516969680537	2.8248357271072635
A17C_Medtr3g062970_rep2	0.4716210276452114	0.3796209620557083	0.6226180454657936	0.2396017113686711	0.5967761589675011
A17C_Medtr1g035770_rep1	1.0802028414496272	0.0	1.4840521771940245	0.0	2.5105400169375134
A17C_Medtr5g015840_rep2	2.5606334439775003	1.5827165611401954	2.979415667843908	2.0266820426525056	2.616200839693912
A17C_Medtr4g005320_rep1	0.7745586697064392	0.13968777101181068	1.1137004991647284	0.0	1.61227385419755
A17C_Medtr3g107420_rep2	4.807423620185799	4.709456072916463	4.909693112179052	4.618865097220968	4.861260639453137
A17R_Medtr3g111690_rep3	2.3232739822757336	2.048003624188511	2.25176957973798	2.0555427479622854	2.3991710938198234
A17R_Medtr7g108240_rep1	0.2837242646009788	0.16949747290432254	0.3165319543264188	0.12653240592893192	0.3433130608907786
A17C_Medtr4g076900_rep3	0.14448150611250712	0.0	0.12961273813046964	0.0	0.21495370226785795
A17C_Medtr8g469010_rep2	3.711348059986936	3.2845634856787287	3.896982202012112	2.9588426752432406	4.140342400853288
A17R_Medtr4g094218_rep1	0.35200515946691746	0.0	0.4453735776498027	0.0	0.33685463912546515
A17R_Medtr7g076170_rep3	6.167204025635487	5.743523944025338	6.228517296051713	5.627674924881163	6.131397419488487
A17C_Medtr3g074380_rep3	3.3498370394900783	3.1254857971593766	3.626166536983003	2.7146484999937464	3.6576781107542633
A17R_Medtr1g111860_rep1	4.772677470424858	4.686257723121053	4.917208952718238	4.658896957126848	4.947479145966675
A17C_Medtr4g006630_rep2	0.40671806142196826	0.0	0.7378309516094597	0.0	0.6166713604484944
A17C_Medtr3g117230_rep1	2.2747089392147117	1.9176227017262824	2.6353674541584	2.240721381615705	2.6772451242178965
A17R_Medtr8g028845_rep1	0.3184614651675829	0.11725175028928456	0.4984210869889264	0.2420435089178205	0.6024885533061698
A17C_Medtr7g105030_rep2	3.7446634392114806	3.180572245641821	3.6480819005444256	2.8927148268441507	4.072506017071499
A17R_Medtr8g031000_rep3	2.3011974126162555	1.8173503815808103	2.315759426842959	2.048468709634476	2.3353307994898507
A17C_Medtr3g109720_rep2	3.4768136968655337	2.8759766021384583	3.5057215893880893	3.1644644993886013	3.601141831867736
A17C_Medtr8g075970_rep3	3.277191294761746	3.0902888853291026	3.5608372115857674	3.036913548226234	3.414135532984451
A17C_Medtr2g026550_rep2	2.952768421811918	2.3554861821550066	2.9405426480985155	2.234910016043949	2.928086020123009
A17R_Medtr8g023720_rep3	4.311309348086219	3.9401980790252	4.375062606984725	3.806289682545416	4.349742699451406
A17C_Medtr7g070930_rep1	3.072334509269879	2.114033800550267	3.4029949753792508	2.2704292708866105	3.940699243203456
A17C_Medtr7g087110_rep1	1.2787777636951008	0.8663145613770472	1.434917293635419	1.1205731278000577	1.3589588258323293
A17R_Medtr3g102850_rep2	4.419786061078519	4.2530059628906765	4.548087211792557	4.23636505349852	4.467779423752999
A17C_Medtr2g436080_rep1	2.198389378952891	1.8919375824825904	2.3046083863692757	2.020057652341253	2.2104927713229654
A17R_Medtr8g027760_rep3	4.296114741903463	4.1593062546411685	4.354217052282366	4.219659017935359	4.373207378501403
A17R_Medtr4g023770_rep3	0.4304637028884514	0.14056054480787164	0.6328885960899749	0.29003113821181103	0.5603888848514637
A17R_Medtr8g079100_rep1	2.632190649164868	2.4690176674664954	2.8118135100663726	2.4078059300477683	2.7477454329194493
A17R_Medtr5g038590_rep1	2.18966644665005	1.790355013710841	2.0717626693000915	1.886485115656236	2.2469147404705168
A17R_Medtr4g050990_rep3	3.2474718535858567	1.7445916865423838	2.836530121329404	1.9071470519314568	3.4435624505828013
A17C_Medtr3g084310_rep1	7.213768492375751	6.271836492840679	7.67940737645913	6.8272855352186825	7.544542055951582
A17R_Medtr3g022830_rep2	0.2566081366743607	0.12432813500220175	0.33151414371656035	0.07860983469636648	0.27222230507004425
A17R_Medtr7g112090_rep3	7.350296858856728	7.1127661505205895	7.315792629890198	7.002991240495218	7.509833053988314
A17R_Medtr7g098900_rep3	4.4451969823817095	4.278306962784454	4.489414484853012	4.306043456200442	4.534870898674472
A17C_Medtr2g062730_rep1	1.7779281419447042	1.0575080365946656	1.877875100707868	0.969626350956481	2.289342665261075
A17C_Medtr3g085290_rep3	3.4843959625026666	3.4153079792423062	3.5570424152637194	3.4029949753792508	3.563890277102555
A17C_Medtr2g102210_rep2	2.02290040211008	1.7632699185181149	2.170459234013085	1.6347481388276228	2.139469495038796
A17R_Medtr2g451350_rep1	0.9602645674989959	0.5106244072765678	1.170138718210482	0.5840003832857724	1.2182645357137716
A17C_Medtr7g109280_rep3	3.7727654315894674	2.9471674073710914	4.0193164327065345	2.843313913671353	3.713329229898968
A17R_Medtr4g058930_rep2	2.0842910858000083	1.7983961946639542	2.1989131763085665	1.9022665690830711	2.2781830422682434
A17R_Medtr3g067495_rep3	2.3191361847580487	1.2324561046811455	2.949285902672305	1.5242308769179076	2.4186397359590392
A17R_Medtr1g023260_rep3	5.062985135861326	4.694062991229938	5.135069656397868	4.8797711042520415	5.179112900678564
A17C_Medtr1g044120_rep2	1.9282755616119351	1.4193591052289374	2.1260918210909105	1.5629953806659451	2.5017363585532824
A17R_Medtr3g026170_rep1	1.6928735074639982	1.127193031006898	1.8111969883519985	1.2644363446247868	1.8996912470124088
A17R_Medtr3g118535_rep1	4.3020509124075685	4.096458652569309	4.406650042388273	4.230920287807576	4.393095810080284
A17C_Medtr1g089810_rep3	3.0224861831500247	2.7832470973781165	3.077186019330135	2.785899239364128	3.2892442851566424
A17C_Medtr5g084060_rep2	7.47965363537786	7.204893880597666	7.45907089978534	7.218806994531787	7.591415129993602
A17C_Medtr4g068010_rep3	3.791814071161826	3.665771739506833	3.9067302872533465	3.7564184398775127	3.9870479469813347
A17R_Medtr4g132890_rep1	3.982004828284965	3.8234776407404882	4.035447960582276	3.611211732890829	4.2088553680904415
A17C_Medtr7g105570_rep1	1.3246186152585275	0.30490038064402264	1.4277849343261326	0.0	1.2632347662314338
A17R_Medtr8g083140_rep3	4.935051083492109	4.826226440121002	4.995665409736108	4.7816219978706025	5.052372417874044
A17C_Medtr1g083840_rep2	1.104560316127235	0.7921612484083307	1.0996318500144606	0.7689253355637512	1.3317052164988925
A17C_Medtr3g067670_rep2	2.792647156238181	2.553032767068382	2.7677254130065	2.563483574807727	2.844184762514064
A17R_Medtr3g084950_rep3	2.05866283937856	1.6641794025591914	2.222392421336448	1.4927932133884907	2.048352452328245
A17C_Medtr1g103750_rep2	1.294155090636539	0.6294731967869488	1.3587713289133716	0.4761224198801521	1.3091761874785144
A17R_Medtr2g035760_rep1	0.6300947801834185	0.4823320207473761	0.8321473835088913	0.38183708390604737	0.8035025965619976
A17C_Medtr1g007060_rep1	3.138377619530015	2.652983560651493	3.4719677876615163	2.948227043879168	3.642971065350401
A17C_Medtr1g050542_rep2	2.8256499656995984	2.712669142173973	2.8561225360398383	2.671066871964447	2.8307961658013414
A17C_Medtr4g009540_rep3	3.7833518796740484	3.3193289038394047	3.818202947550669	3.5071180531284	3.8312692359677194
A17R_Medtr6g069620_rep1	3.7110176003347273	3.580708299114734	3.663154828529674	3.531776522899816	3.741610799299403
A17R_Medtr3g093420_rep3	3.7955245391384733	3.662205499653616	4.099575747856576	3.564662695740996	4.045326469364819
A17R_Medtr4g130370_rep3	3.542959619232954	3.1562887394494568	3.537006090626936	2.929475413108154	3.5044509028543813
A17R_Medtr2g012800_rep2	0.4254593047653553	0.267835392097615	0.5166875753732788	0.2108044470612361	0.4816433834832802
A17C_Medtr7g101170_rep2	3.0066570819014484	1.9518364281701108	3.1554254317471973	2.625660143675749	3.468930807835481
A17R_Medtr8g076860_rep1	2.1834335802635323	1.9148196194261555	2.166072675946706	1.898401859992193	2.3300802906508213
A17R_Medtr3g080360_rep3	0.05334307608593645	0.0	0.048701196145475835	0.01578299724092746	0.07906515899899046
A17R_Medtr2g046160_rep3	3.772906158298764	3.559369442023753	3.914755849671647	3.4054478437075355	3.787293147724631
A17C_Medtr1g047130_rep1	4.1955050891843255	3.90653789371098	4.303585940758127	3.921531542490272	4.556674646631683
A17C_Medtr2g028140_rep2	1.0386702903853662	0.6409293609691844	1.4571564879988026	0.7868751166092643	1.1799356220935528
A17C_Medtr1g011650_rep2	2.7540323183560402	2.5328156441081733	2.7042079949543103	2.4672794804599825	2.818305221618145
A17C_Medtr2g438720_rep1	2.3143098218971154	0.6759664392357196	2.12267271882414	1.3533232911628963	2.99891757275836
A17C_Medtr4g088025_rep2	3.1752052087837463	2.7506065048355923	3.5624256119606232	2.2059137743462567	3.449297241503584
A17C_Medtr2g438210_rep1	4.06177619758669	3.822696161795309	4.006597245106645	3.653404021010552	4.1320558210854434
A17C_Medtr7g100700_rep2	2.232456104681145	1.4137745885139943	2.11979882337003	1.5571241288963709	2.329123596291566
A17C_Medtr8g068120_rep1	1.5390347029707545	0.3516283291027824	2.1862892511569854	0.3703503027235492	1.5857637754103953
A17C_Medtr3g067940_rep2	3.606679104421589	3.1414327909292954	3.680736925133989	2.802813597532287	3.8835882347289465
A17C_Medtr7g103030_rep3	10.966935816964128	10.3430457705735	10.966935816964128	10.319817737745232	11.37229102312438
A17C_Medtr3g110028_rep2	2.947790817216108	2.698737073515192	3.024437889285273	2.3687683490903337	3.1716338497805583
A17C_Medtr3g106820_rep3	4.398236344039156	3.815575428862573	4.445351504423402	4.140342400853288	4.588224910519432
A17C_Medtr8g102930_rep3	3.3400399749085867	3.0648253817084985	3.3067969042707954	3.162317471622908	3.4239366713354813
A17C_Medtr4g059000_rep3	3.028981628572902	2.9716508420228323	3.0710189383217266	2.9232759773647166	3.1141448839028447
A17R_Medtr4g061827_rep1	0.9166040291043384	0.5187029820445401	1.009586048829198	0.6810743932741612	1.2033055821456808
A17R_Medtr5g018050_rep3	5.597332524304326	5.2710147423291405	5.759661860366106	5.4808790417218844	5.674187559219058
A17R_Medtr1g026078_rep1	3.987987783864678	3.806461548578629	4.138486844274806	3.7954206372497774	4.008510792651893
A17R_Medtr4g106980_rep3	5.768334321968004	5.396593365152193	6.029298271481308	5.52923792165073	5.859936428119992
A17C_Medtr4g122920_rep2	5.084744620868468	4.584020433944762	5.22333244304108	4.7553327097093225	5.241713090665773
A17C_Medtr1g009150_rep2	0.4566309479380262	0.0	0.8896033338173185	0.0	1.1622100363143073
A17C_Medtr4g129850_rep1	3.681973922581629	3.571717255017706	3.6732548888148617	3.5657190199521733	3.6886279834868527
A17R_Medtr7g017330_rep2	3.2055489111730338	3.1340566143386335	3.2739633988948342	3.1429579538420427	3.2685841050942765
A17R_Medtr7g019180_rep1	3.7858643743937694	3.731653923707341	3.806289682545416	3.728319635696653	3.836799393886928
A17C_Medtr2g062730_rep2	1.9171134553246347	1.4735271771567588	2.743443158237412	1.3656925371975326	2.8289700121103847
A17C_Medtr4g007290_rep2	3.4927932133884907	3.2827857335635864	3.5773281128246435	3.378419139838148	3.604506281270373
A17C_Medtr1g484960_rep2	1.5275708368328196	0.8586441507544582	1.3671846588983654	0.98452859123756	1.7259592345091876
A17R_Medtr4g083230_rep3	6.697134382517393	6.562858046293246	6.755937971574893	6.629254607732805	6.7873497467940425
A17R_Medtr3g101280_rep1	0.2322514235371705	0.0445106960657926	0.2860925743654733	0.1335635257411058	0.2578152445742813
A17R_Medtr4g120230_rep3	5.457003225255764	5.145297033469807	5.51074043593313	5.335700002130791	5.528175377689502
A17R_Medtr2g018270_rep1	5.813370766253311	5.728092841784148	5.8250053980480665	5.725132180881263	5.847044814483894
A17C_Medtr1g103540_rep2	1.5843211603945735	1.3563316489132418	1.7713221908128476	1.0233736496265051	2.003722156470871
A17R_Medtr5g037200_rep3	5.629570336847777	5.252652818667974	5.9957030924770285	5.378049146878271	5.9957030924770285
A17C_Medtr2g090755_rep2	3.3375683852642446	2.2738142445870366	3.2767447858647	2.551967109726736	3.394834217557044
A17C_Medtr5g095190_rep3	1.3431235194018525	0.8103745493515462	1.7186721443578536	0.965938163926367	1.3557680594637065
A17C_Medtr5g028370_rep3	1.7852017798190538	1.5033487351675043	1.7301689428023308	1.498250867527825	1.858378925082071
A17C_Medtr1g090780_rep2	4.35254668073284	3.4203027333708644	4.1630961384360115	3.625621182981141	4.399831892798212
A17C_Medtr1g085070_rep2	1.2217739909315126	0.2558028366027179	1.850532751213284	0.4418375586225591	2.1892447293009822
A17C_Medtr4g129510_rep1	1.8026757582314719	0.9211824022584472	2.6244908649077936	1.6257380619086483	2.9051583219872814
A17C_Medtr3g102510_rep2	1.294155090636539	0.8586441507544582	1.3149864854685154	0.9148196194261556	1.742581161573116
A17C_Medtr6g059380_rep3	0.12565110166152013	0.0	0.2355228422652228	0.07404867047699368	0.18945560338465667
A17R_Medtr6g040180_rep3	0.8744691179161412	0.5439907196648501	1.2588203968764118	0.3173040683619148	1.053806443695794
A17C_Medtr4g035880_rep3	3.5133222950022667	3.0784390510275217	3.94379633131507	3.1508304272641534	3.86069799814354
A17R_Medtr2g015870_rep3	2.4195388915137843	2.227741075839128	2.478885542660894	2.214332074233441	2.3991710938198234
A17C_Medtr1g070170_rep2	2.7070093454284514	2.346342342929513	2.864994982906848	1.9593992347721207	3.084461178159273
A17C_Medtr2g025490_rep2	4.099996460872696	3.987442146669176	4.296383985908042	3.869213392464647	4.3807294485035495
A17C_Medtr3g070090_rep3	0.16306929485125518	0.11281131883402967	0.2355228422652228	0.057508036594665565	0.2694321770319445
A17C_Medtr4g132450_rep2	1.8867452247421088	1.6157301654335603	2.2021564820921884	1.8110599477400802	2.1705660567920684
A17C_Medtr5g068060_rep3	2.9716508420228323	1.7095847331743588	3.104336659814736	1.243872148746899	3.0503275535584247
A17C_Medtr3g062490_rep2	2.9669226027505684	2.415398127962358	3.1571515308579268	2.3821138599339253	2.9817917787969828
A17C_Medtr4g065990_rep2	4.156072960950567	3.5590022661895198	4.1735538878263245	3.130436711561337	4.792994133088958
A17C_Medtr4g086510_rep1	4.897434062920353	4.0181296886160185	5.063632364883661	4.36809316439967	4.8591744558664365
A17R_Medtr8g089990_rep3	5.048279786754167	4.8664959090646756	5.082901247065537	4.812618017101308	5.092052355834566
A17C_Medtr7g082850_rep2	3.1335087277146667	2.99777412892848	3.1954000971865426	3.029276182370632	3.3005142490461603
A17C_Medtr1g018800_rep2	5.488365041771716	5.2776004732208985	5.587465007924327	5.234194722953811	5.543124644831909
A17C_Medtr3g076990_rep2	4.416727167683058	4.2606780844606185	4.5543023305955606	4.310849046224615	4.526110555711829
A17C_Medtr1g060430_rep1	1.2170238633934611	0.4625758880422044	1.3932331289604951	0.4038130616165897	1.6183952915047215
A17C_Medtr3g095070_rep2	1.6031218698399965	1.1622100363143073	1.4845678244411489	0.9453579939568822	1.6750631552402997
A17C_Medtr4g106730_rep1	3.827649684275452	3.4952687712981074	3.8521986425335664	3.6413148094314645	3.8220162706255874
A17R_Medtr5g025010_rep3	3.4229954178385227	2.9735500522793816	3.4634480814312565	3.1148667172877316	3.7212632773894336
A17R_Medtr2g058400_rep3	0.9703628582680892	0.7677960243194805	1.0358584752203674	0.6538243588659602	1.237971547307215
A17R_Medtr8g095460_rep1	1.8206214912468388	1.6147883559946807	1.9785617494757468	1.5262357805979156	1.8249714654562263
A17C_Medtr1g112040_rep2	2.7463127664254587	2.033628561758164	3.0952493170190243	1.8573175345314283	3.1335087277146667
A17R_Medtr5g009260_rep3	4.9343749614475465	4.222109006974309	5.007913081643265	4.3801753117420255	5.311164005469019
A17R_Medtr3g084220_rep1	0.8937505017205659	0.17802406415942013	0.9701173976054998	0.5048745893984644	0.8689501029227363
A17C_Medtr2g098330_rep2	0.8506660933309342	0.2465094321265421	1.2161961553725422	0.6285403192627603	1.7304588152246219
A17C_Medtr8g464610_rep2	0.8183052216181449	0.4792305612063362	0.7652518372453163	0.4991017640673183	0.9446086068527386
A17C_Medtr7g117355_rep2	1.4184598375809911	0.6696315423119847	1.6577924213551205	0.7039866038634306	1.707966454775976
A17R_Medtr5g043645_rep3	4.383105204893363	3.438559006923669	5.304888215395747	3.1744064185297485	5.825556690835558
A17R_Medtr1g007220_rep3	0.21950414201162155	0.050095329004058116	0.30645668612492233	0.0	0.2448870591235345
A17R_Medtr4g007440_rep3	4.9701327401204916	4.781027418219163	4.9989626901114494	4.849198651764703	4.999248400586861
A17R_Medtr2g005070_rep3	1.059586016527891	0.9002066793297494	1.0971612888985642	0.787711057747605	1.0845178711562702
A17C_Medtr3g461540_rep2	2.858179973824652	2.294547233895515	2.679123486904	2.0195833156475542	2.9318721265890573
A17R_Medtr0194s0040_rep3	3.2311763708515224	2.677620992453587	3.212102371686707	2.9311787504774127	3.3214471163728594
A17C_Medtr3g011610_rep3	1.5390347029707545	1.4304637028884517	1.6286958407463248	1.2618316587521363	1.6561149574538807
A17C_Medtr2g029815_rep1	3.8551259472869837	3.0638480433820496	3.641931312850232	3.1538053360790355	4.13826838651532
A17R_Medtr3g096160_rep3	2.9728151706737687	2.4132330024320963	2.9637207174360265	2.6001904475121798	3.3246186152585286
A17R_Medtr8g098425_rep1	0.7706176466562031	0.5187029820445401	0.7256684565094349	0.4895429356424735	0.900721927564115
A17R_Medtr4g117330_rep2	2.39011735366633	1.5880049798749316	2.384326158685841	1.9022665690830711	2.7565963505017144
A17C_Medtr3g449590_rep1	3.2424500736777015	2.9222612900551312	3.4503534839162	3.0911356201910625	3.5385795484361315
A17C_Medtr7g106970_rep2	2.4373165283421705	1.7568809618738923	2.3015876466031866	1.8530641464027855	2.650228426321402
A17C_Medtr4g117520_rep2	0.5459683691052926	0.0	0.98452859123756	0.3587713289133717	1.288260114956194
A17C_Medtr8g014700_rep3	3.481126689736616	3.3488461612689653	3.5402753041658617	3.339137384919585	3.5106244072765675
A17R_Medtr6g471270_rep2	2.807286220657992	2.5780531054621405	2.9959065622717125	2.6810743932741614	2.835789362545898
A17R_Medtr1g070240_rep3	5.388040253441564	5.079250093456659	5.543784558524601	5.046039892803908	5.583920177863049
A17R_Medtr7g101850_rep1	0.3184614651675829	0.0	0.4001735666468537	0.15574923267794485	0.6116445433736617
A17C_Medtr4g057850_rep2	3.993010067992652	3.74602606232259	4.304657056185958	3.70310069960416	4.1758705296470735
A17C_Medtr4g104540_rep3	1.3613940709124774	0.9759969576164432	1.335330799489851	0.7784889563505568	1.5924769707406077
A17C_Medtr7g069480_rep3	2.674008608617225	1.8951733417919423	2.7042079949543103	2.230510460366176	3.2422468056194726
A17C_Medtr1g112460_rep2	0.2978761550460948	0.0	0.6458553411399269	0.0	0.6359865037456232
A17C_Medtr1g026030_rep1	4.385016806906648	4.143964766910677	4.585623584461444	4.231278791342897	4.548847590384874
A17R_Medtr8g027255_rep3	5.891905188211932	5.539665475226019	6.142134293765987	5.5513724587403015	5.888223703980947
A17C_Medtr7g080440_rep1	1.0257375614136082	0.7990873060740036	1.063042679089337	0.6182386555954548	1.1949275386188911
A17C_Medtr7g075000_rep3	0.4171999204294646	0.2525771336582473	0.4716210276452114	0.3376159557874007	0.4847396659089111
A17C_Medtr3g099380_rep3	7.024877398094213	6.545664687718563	7.344423155405003	6.828809267558628	7.6709134920470845
A17C_Medtr8g020630_rep3	7.745320258711881	7.4138112510570515	8.453616345463216	7.002991240495218	8.544979883255804
A17R_Medtr8g080870_rep3	4.070904484133576	3.550982726877908	4.041155352320786	3.787536943282956	4.083667242189062
A17C_Medtr2g048470_rep2	3.789311925645093	2.981121989794311	3.949161371378237	3.3939195273752616	3.804535478529288
A17C_Medtr6g027160_rep3	3.262984311386285	3.1076878693143737	3.2143320742334414	3.0220718452274595	3.312471562199198
A17C_Medtr1g099370_rep2	1.9649530529008	1.6207427916824126	2.6198042499334573	1.4878293173855464	2.533812496827667
A17R_Medtr4g068210_rep3	4.530923884667664	4.314116431140675	4.549771835379862	4.178581863572765	4.597173584672031
A17R_Medtr6g038750_rep1	1.1886119220501514	0.8893437395672456	1.2116352533271495	0.9533273291373336	1.1686420355588392
A17C_Medtr5g067060_rep2	5.603072401996057	5.337497026538331	5.772431150628991	5.207294206785049	5.886785862550893
A17C_Medtr3g013450_rep1	4.123114348900563	3.75232042845967	4.139360344666821	3.5892041944635737	4.184809238528292
A17C_Medtr2g019900_rep3	0.0858778351604055	0.0	0.07997537672059589	0.0	0.1230039540548198
A17C_Medtr2g094270_rep3	10.374949622233826	9.164438519326794	10.235324181030071	9.656695380478556	10.453297388449466
A17C_Medtr3g070010_rep2	2.6383055768070927	2.536301619323817	2.6980702738952598	2.506314193644066	2.6384600492137813
A17C_Medtr5g071010_rep1	3.1932460756769316	2.4529467973546035	4.067179771415509	2.7572366471499445	3.5164774751732644
A17C_Medtr5g013940_rep2	0.28095631383105635	0.0	0.7154541271157177	0.0	0.5476143419488522
A17C_Medtr4g064963_rep3	0.2994400522625309	0.11281131883402967	0.4716210276452114	0.2120504771149888	0.4189994654312657
A17R_Medtr1g099520_rep3	3.256004203766265	2.8325525021639297	3.406808748478659	2.9906523768984763	3.2857967481710286
