gene	0	12	24	48	72
A17R_Medtr4g100650_rep3	3.630017096903056	1.761568961306863	2.7894510476356427	1.9282755616119351	2.9106047577367855
A17R_Medtr4g033400_rep1	0.21536797220347947	0.0	0.10835717809041852	0.0	0.12079428132864105
A17R_Medtr3g009280_rep3	7.035968414666585	6.804415013729932	6.9942289636819	6.8723198694947625	7.019030961585116
A17R_Medtr3g104250_rep3	1.58848478533611	0.7221745414837597	1.2996354202689082	0.4861136612898028	1.2996354202689082
A17R_Medtr4g114620_rep1	3.6480051798104935	3.150018022714734	3.475560513333268	3.194454825212714	3.4191343408617283
A17C_Medtr2g026670_rep2	6.012583571144445	4.890284546566682	5.565424545764978	4.927280190866623	5.627188520431272
A17C_Medtr4g124100_rep1	1.9730601728040842	1.2471173519505057	1.514837642678259	1.1792987174959575	1.6615976011759026
A17R_Medtr1g024830_rep3	1.9658150618280044	1.6786729028471732	1.9052225173747883	1.5382070424346648	1.9397280794420928
A17R_Medtr2g021330_rep1	5.4270362224893445	3.861690746565096	4.751356596974613	4.198389378952891	4.465560963233684
A17C_Medtr4g124560_rep1	2.624646823509198	1.4953540596455583	2.274907684915658	1.6881057409324116	2.17493899450423
A17R_Medtr2g076020_rep3	4.08610437124329	3.791918233108436	3.96402890000206	3.6688377207552634	3.9996693444974074
A17R_Medtr5g089280_rep3	5.229664823411809	4.744394348299635	5.037616501808871	4.746921823531121	5.0133580365860055
A17C_Medtr1g073660_rep3	2.0397233098042418	1.5091046253875593	1.8703976011469408	1.4423685142959342	1.8748625265558247
A17C_Medtr5g067350_rep2	5.630968428978997	4.9262999487189365	5.321002068437523	4.936276729315222	5.359310316890444
A17C_Medtr4g116300_rep1	4.118830358064597	0.26263360154148435	2.9327541235847567	0.8636741963631742	1.881011963782913
A17R_Medtr1g022980_rep1	3.1633377082254666	2.7938265372129574	3.043402836830716	2.9002710954233857	3.0053999877425897
A17C_Medtr7g073620_rep1	3.4496494082379217	1.920547385284029	2.5365502955359105	1.5355553333993102	2.501906167291813
A17R_Medtr5g015460_rep2	2.8742067858777984	2.6764930938417724	2.7787692818232914	2.703396061472504	2.8517990040155285
A17R_Medtr5g004860_rep1	0.07130503407313299	0.0	0.029511782116544538	0.0052802073414343256	0.043577818541604106
A17C_Medtr3g076930_rep1	1.6608373676962838	0.7461694214960459	1.279768421593595	0.8707921214650343	1.3816525370505492
A17R_Medtr3g096610_rep3	3.579904210898127	3.1948750225552964	3.577489253787716	3.2133991296801465	3.482418077297904
A17C_Medtr6g083830_rep3	0.6571826601284232	0.4922804982113043	0.5904024130542728	0.4650167019866353	0.5795019986674452
A17R_Medtr4g039945_rep1	3.3200032179628702	2.7396321142206115	3.0914177547457684	2.6980702738952598	3.2690331464552367
A17C_Medtr3g080870_rep1	2.7826182437360982	1.1976557430149417	2.6369918931310568	1.1005291879633952	1.8263281469939407
A17R_Medtr7g094650_rep3	0.5069065545806931	0.0	0.22321658305031453	0.0	0.1574749446551094
A17C_Medtr2g024290_rep3	2.3369498256818213	1.9305481192478549	2.2574129874851314	1.8208937492285653	2.2050796657498406
A17C_Medtr6g080200_rep2	1.0565835283663676	0.775963572963716	0.8978857823473092	0.6614455865252284	0.9365908298239386
A17R_Medtr3g012540_rep3	3.082986377721685	2.7910499870085848	3.010899163433092	2.686239044192815	2.939038469632122
A17R_Medtr1g018510_rep3	5.19248351710807	3.8174527161032414	4.5365710166188755	3.3899338630408504	4.602785455047754
A17C_Medtr4g125710_rep1	4.055513826674868	3.1354254212885886	3.6106606953282703	3.3139713710590195	3.790667793124725
A17R_Medtr5g459350_rep1	3.66045710067574	3.3370925937419296	3.580708299114734	3.3857531340990707	3.576038336762083
A17C_Medtr7g091230_rep2	5.1541159953813445	4.5691467419083605	4.860979346226626	4.564032595823719	4.760770946734716
A17R_Medtr1g028460_rep2	4.177226833554177	2.8998845557119846	3.377910375051284	2.7469576424136477	3.5039847038976126
A17C_Medtr1g015470_rep2	0.8026757582314721	0.3910344568952871	0.7871538174776842	0.4991017640673183	0.7487474536261209
A17C_Medtr4g021210_rep3	0.6953999892526219	0.2525771336582473	0.5230600617952494	0.14012422390907067	0.40671806142196826
A17C_Medtr1g087540_rep1	1.6328885960899753	0.1643572238529242	1.2564068537942452	0.0	1.1892447293009825
A17R_Medtr4g131330_rep1	4.2806099462857485	3.6083361503476614	3.994398697169786	3.6565345063180494	3.9579145986329847
A17C_Medtr1g030750_rep1	4.978668516916379	4.326633217830713	4.824920565071975	4.4364728080547415	4.682704377390582
A17C_Medtr8g009240_rep2	1.881795115005016	0.0	1.383865542788154	0.3807294485035485	1.3317052164988925
A17C_Medtr5g061860_rep1	2.145894794009076	1.3296020227727834	2.132686507452159	1.6257380619086483	2.0505597407385974
A17C_Medtr5g007870_rep3	2.9934932210584155	2.51853513898218	2.9943986971697867	2.5941503999574063	2.7730820473838595
A17C_Medtr4g072320_rep3	3.970393537914677	3.112755726862812	3.5809494382145326	2.8035714783706425	3.948289351207813
A17C_Medtr8g081030_rep1	3.6717462668632233	3.2005357406048924	3.5348501531585534	3.2460533240919007	3.5410604668329904
A17C_Medtr5g054910_rep3	2.4340276746635974	1.7673723045922518	2.180784391078699	1.8987887971115536	2.18966644665005
A17C_Medtr3g449880_rep3	5.360223793068907	4.647774993126177	4.972370998236007	4.580768587668398	5.055369211540486
A17R_Medtr3g097015_rep2	1.2201235459742903	0.8991756304805131	1.1320283936837836	0.8519988371124463	0.9864716151553532
A17C_Medtr1g044210_rep2	1.4650167019866351	0.8501326508989411	1.3072342097443292	0.6285403192627603	1.0976107966264224
A17C_Medtr8g062670_rep2	6.227452292326612	5.518283337770113	5.848422639144293	5.378396018057876	5.682723102138834
A17R_Medtr5g015460_rep3	3.139524067128181	2.4570689112821773	2.9025238486273803	2.372952097911829	2.7230488138310216
A17C_Medtr7g074710_rep3	7.149872418562226	6.325386414659772	6.742675467547492	6.081453256801888	6.596771190453322
A17R_Medtr7g085670_rep1	4.802951423664791	4.6252899745894185	4.76256143004889	4.5892241729304715	4.789607543840597
A17C_Medtr1g070120_rep2	3.0889330750256465	0.7601499634144695	2.709511214431973	0.6285403192627603	2.7363884007034605
A17R_Medtr1g047210_rep3	6.731364291335992	6.411505338681223	6.526240998065628	6.318473516499237	6.626823609444385
A17R_Medtr2g024060_rep3	4.240365217150187	3.9978945341230814	4.0953899895271935	3.9564284331233615	4.12515513132229
A17R_Medtr5g022620_rep3	0.4768136968655337	0.0	0.2658369224043269	0.1252102475585056	0.3591462983867987
A17C_Medtr7g088570_rep2	3.753176627322123	2.7804500917697856	3.3307018019533787	2.8612275489789014	3.257262112156088
A17R_Medtr7g007590_rep1	3.3560498817092816	3.056699124299356	3.334568275666133	3.1821095937520116	3.3147448563388884
A17C_Medtr4g131205_rep2	2.1855494346295674	1.7160397553116582	1.957419380215392	1.6945087949233115	1.9315569969399398
A17R_Medtr4g121940_rep3	5.150261792118348	4.809397293693623	5.145989869445223	4.892763390716203	5.035389306097244
A17R_Medtr1g022455_rep3	0.06350294230615795	0.0	0.04077556118749163	0.0	0.021953441104049124
A17C_Medtr7g105370_rep1	1.7445916865423838	0.13968777101181068	1.1775989293277338	0.32077347694587044	0.8692133924646458
A17R_Medtr8g009940_rep1	0.3184614651675829	0.0	0.13224779829843974	0.0	0.12079428132864105
A17R_Medtr4g074465_rep1	1.1061249402307376	0.5518851034717247	0.7832470973781165	0.4583820041560132	1.0040818560466105
A17C_Medtr2g029250_rep1	3.880130410201706	3.0091679888719667	3.5170236720645804	3.1629082228530727	3.418099973513052
A17C_Medtr8g071820_rep2	2.6687242820111146	2.4274273890849254	2.5428358376446654	2.3626101536903703	2.657487572956545
A17C_Medtr5g031870_rep1	3.896497908223066	2.145894794009076	2.946418959795156	1.716771456418223	2.764261218217114
A17R_Medtr3g073010_rep1	3.718416428327907	3.2753050941987687	3.5106244072765675	3.3428391604690524	3.6005076453457856
A17C_Medtr7g022390_rep2	5.052676724303575	3.5027973354068247	4.539593105530914	3.7107972518401198	4.3724181833954825
A17R_Medtr4g096750_rep3	3.4053116825974445	2.7496057749449774	3.1154217280820227	2.6638000155317627	3.1681606290561057
A17R_Medtr1g107510_rep1	5.096346198993175	4.861260639453137	5.003677187717481	4.713219236249278	4.932218689718155
A17R_Medtr7g080930_rep2	3.0784390510275217	2.791466810348767	2.8987243147980526	2.7924389300646384	2.9010438642893686
A17R_Medtr4g132890_rep3	4.5828971676761325	3.717649008173315	4.134795931386443	3.8278867551889566	4.292732677133388
A17R_Medtr4g010000_rep3	0.6132173060290294	0.1501263697570201	0.3452071074289249	0.04311115347498012	0.36550591342896654
A17C_Medtr5g098060_rep2	7.157383991852369	6.137278085036937	6.643639769286648	6.108203822252816	6.7088263911873725
A17C_Medtr7g076910_rep1	4.055513826674868	3.6777337338314338	3.9446710706477344	3.613492363302301	3.999519021485497
A17R_Medtr7g086580_rep3	4.446278289278115	4.234271378464624	4.349601177825439	4.218806994531787	4.343976260067535
A17R_Medtr1g115475_rep1	5.12567865057052	4.170539351838837	4.681093139189803	4.220613718913868	4.6077248430583895
A17R_Medtr1g076550_rep3	5.858909327676607	5.587004872357175	5.797817134005298	5.4114940399531575	5.735269430801924
A17C_Medtr3g064420_rep1	5.911084339901569	3.4633172860330106	5.275044306704709	3.978134600681837	4.5564702902081375
A17R_Medtr6g090070_rep3	5.197734364712209	4.19361406319095	4.604269047926128	4.130903421029544	4.726304457280895
A17R_Medtr8g010670_rep1	0.5459683691052926	0.02526508882353685	0.23674771431351785	0.06901467791518046	0.3265373481399519
A17R_Medtr3g046640_rep1	2.4702331535209683	1.794381206593449	2.329123596291566	1.722903138560449	2.024319679195413
A17C_Medtr4g086855_rep1	0.7891032175013815	0.13968777101181068	0.7832470973781165	0.413233002432096	0.7177952149168798
A17C_Medtr8g094790_rep2	2.320869730409621	1.1824804324683185	2.2529807411698712	1.4299283469391249	1.7992254886363324
A17R_Medtr5g061845_rep1	0.35200515946691746	0.0	0.21246558143115704	0.0	0.11147651993459733
A17R_Medtr3g100980_rep2	5.130052249189738	4.787188651300943	5.0416080495795565	4.617572763190028	4.998240643092896
A17R_Medtr6g008900_rep1	1.955436804909468	1.5799846398899744	1.7696307064480363	1.5009719717948709	1.884011737583522
A17C_Medtr1g017570_rep2	1.5843211603945735	0.4792305612063362	1.2454956628199207	0.5420103555366091	0.9102209771871784
A17C_Medtr6g087780_rep2	2.7369655941662066	1.3877301532831086	2.000600997734536	0.98452859123756	1.845188935340077
A17R_Medtr6g011810_rep3	1.0519520796347217	0.7581610186806959	0.9725701269295052	0.6894482685966817	0.8404968040441991
A17R_Medtr5g046670_rep3	3.65451192039069	2.653671522906192	3.500292176734166	2.8054988349789176	3.4446670668419075
A17R_Medtr6g027300_rep1	4.978668516916379	4.456280481510724	4.790893647202794	4.556674646631683	4.67872923355088
A17R_Medtr7g014330_rep1	0.4534736809349519	0.23919434300767314	0.377401430785794	0.2363395391683736	0.4286784099482301
A17C_Medtr4g063190_rep3	0.3792512772257831	0.11281131883402967	0.2513656332028223	0.0	0.2860925743654733
A17C_Medtr7g033155_rep2	3.5624256119606232	1.8987887971115536	2.761285273361619	1.2970935702474702	2.329123596291566
A17R_Medtr8g021320_rep1	1.1512093928848937	0.3580210974659457	0.6681191246864321	0.3122779248536431	0.8631455429893993
A17C_Medtr1g041695_rep2	4.306869797722197	3.6526394564621247	4.246180035233229	3.7008465747524655	4.178289709824957
A17C_Medtr1g012330_rep3	0.7570232465074596	0.3807294485035485	0.6024885533061698	0.326920788684638	0.4632736849316914
A17R_Medtr3g072650_rep3	3.7440893179122	3.2101290645057676	3.4418818123929307	3.26703633639129	3.4635788649726047
A17R_Medtr3g466420_rep3	6.583203143814052	5.6091738121581844	5.984908293793452	5.594249947657351	5.9750416290983255
A17C_Medtr4g084800_rep1	2.6736317979375968	0.529404524230844	2.240823126743636	0.0	2.1320283936837843
A17R_Medtr6g024240_rep1	0.8073549220576041	0.4823320207473761	0.6412377279770676	0.4081683707081063	0.8098259960974511
A17C_Medtr7g102790_rep2	3.1178612422023257	2.5423406050609745	2.9639672687552436	2.203827597942124	3.0101233765420865
A17R_Medtr6g037220_rep3	1.8794443848084528	1.3499313733601146	1.718526026462262	1.4745658345384751	1.6999957436673965
A17R_Medtr1g013580_rep3	0.4204374870214337	0.09850939213407127	0.2750070474998698	0.01578299724092746	0.20872533581959013
A17R_Medtr4g045707_rep2	0.4254593047653553	0.10075343526949533	0.3196179342001613	0.14099673378803151	0.2306129281414164
A17R_Medtr5g038107_rep3	1.7266859232068112	0.35989594508638273	1.4979103683426502	0.6430865471633058	1.2432628596377286
A17C_Medtr8g058563_rep1	0.8906412439634438	0.23470568277529955	0.5270703355126605	0.0	0.6659990728120624
A17R_Medtr4g133515_rep1	4.448989025077019	3.8592075934645647	4.1288707594651255	3.7833518796740484	4.0223678130284535
A17C_Medtr7g092350_rep3	0.6122738541975502	0.0	0.2638356805230329	0.0	0.4414834795826449
A17R_Medtr3g071560_rep2	3.66045710067574	3.3846945455479487	3.605099194017964	3.4848685335787546	3.601894566455994
A17C_Medtr7g090300_rep1	1.6913852722991298	0.5872049493321156	1.578536231561723	0.7169177521178758	1.279768421593595
A17R_Medtr4g109130_rep2	8.539042460042127	8.41579246239354	8.504212524482101	8.378388792425545	8.483862791699716
A17R_Medtr1g109110_rep2	0.11725175028928456	0.0	0.05797006863732995	0.0	0.05241589415113854
A17C_Medtr3g103330_rep1	4.482310505807648	4.163928041924758	4.391859351639529	4.224117471159431	4.3420094599699794
A17C_Medtr5g011040_rep1	9.228574213122924	6.673989770420474	9.263340413829964	7.063952276432419	8.465239873932457
A17C_Medtr3g020230_rep1	1.5317349424798596	0.152724260688704	0.946106992004798	0.0	1.0114956388378291
A17R_Medtr1g045370_rep1	3.2103888644454037	2.60652119121643	3.102042181289379	2.6980702738952598	3.0929403286594037
A17R_Medtr2g017835_rep1	1.4790580622474545	0.0	1.1368476041928808	0.0	0.7464560971136587
A17C_Medtr2g025120_rep3	7.030538400544355	6.296891741255145	7.02308158551442	6.4622704957406505	6.757041031100021
A17R_Medtr8g028480_rep1	0.21536797220347947	0.0	0.15315678806142052	0.0	0.16005964831610833
A17R_Medtr6g018800_rep3	2.7452373321297494	2.109472003152375	2.4721411364200168	2.1777052247811532	2.3869028935128704
A17R_Medtr8g103890_rep1	2.9569859246125763	2.521972024874553	2.7253776198909945	2.353417397359133	2.6403895600549454
A17C_Medtr0071s0100_rep2	1.861426080440542	1.237767647223364	1.6962906334053385	1.1684280969448355	1.8645988738920802
A17R_Medtr7g088170_rep3	4.474847008941096	4.084857982361544	4.4715126480455	4.191009848587294	4.4404428695526175
A17C_Medtr6g034680_rep1	4.180068275168013	3.426488411014597	4.023728483415764	3.68885174386588	3.904130807113924
A17R_Medtr4g011340_rep3	6.535430914871278	6.168588553879497	6.401977401578749	6.216273773175572	6.3624523546737874
A17R_Medtr4g013100_rep3	4.632210041139502	4.0379678501990215	4.308521062193259	4.0985374642271	4.483901745357055
A17R_Medtr8g009670_rep3	4.898030947845231	4.568619929859823	4.710723794862462	4.4404428695526175	4.777296965045834
A17C_Medtr8g085910_rep1	2.906056797575593	2.5426707790047174	2.7656054649748336	2.398076692067445	2.7968053808804823
A17R_Medtr3g067495_rep2	1.8139350704813169	0.9784397198676476	1.569329055114508	0.988412025724788	1.7711813095041191
A17R_Medtr1g107435_rep1	3.5161832834808533	3.3579272910976368	3.4913828079688964	3.381698675977617	3.4293927922559138
A17R_Medtr4g022610_rep1	2.496462349582264	1.5668963160058484	1.9611293815078696	1.470753762791388	2.000480818215045
A17R_Medtr1g095250_rep2	6.481837095939738	6.140717315403914	6.309800705860423	6.1769875784403885	6.252375287552162
A17R_Medtr1g094730_rep3	2.656496370553496	1.8103745493515464	2.215782123215621	1.8760421092123176	2.220742684117355
A17C_Medtr8g076580_rep3	2.879117591357696	2.6378420603241053	2.7804500917697856	2.642239465794404	2.815028849943025
A17C_Medtr2g088320_rep2	3.7867009012221007	2.8542616798234475	3.2952332282219423	2.554343265662764	3.22594326076906
A17C_Medtr4g116010_rep1	4.728029333099221	4.005759269288685	4.571656587022341	3.8437494038011275	4.2164289962551145
A17R_Medtr6g088020_rep1	0.9708536543404837	0.5926364286065773	0.7538897384240274	0.5613668727146225	0.7977047520238847
A17R_Medtr6g083810_rep2	1.2533842358000746	0.5160151470036647	0.8924557919137683	0.5373789068049635	0.8035025965619976
A17R_Medtr6g017215_rep3	1.1907202010179037	0.3033423944873308	1.0188715180633978	0.5724046473903315	0.7846435693106816
A17C_Medtr7g079430_rep1	1.4041765066470773	0.9153296760130096	1.3474766858323153	0.7754017758223142	1.3126651735583943
A17C_Medtr4g007490_rep2	0.6403124291484129	0.4792305612063362	0.6012210855849462	0.4179200078119653	0.5476143419488522
A17C_Medtr3g085480_rep1	1.493134922305505	0.8147554828098739	1.2896377653284226	0.4548777638106349	1.3542640770070524
A17R_Medtr1g032430_rep2	2.4115166373207986	2.159521550125957	2.3869028935128704	2.1818446505817657	2.3428391604690524
A17R_Medtr0221s0060_rep1	2.3020752906980406	1.7659590060457548	2.0900630054099176	1.5469561781414116	1.979049764716219
A17R_Medtr3g070330_rep3	4.722520670975554	4.032541697270038	4.538641623419794	4.2069296926056605	4.489692780443615
A17R_Medtr8g107640_rep3	5.336937927705722	4.994338349773008	5.2984505955326915	5.05830206279513	5.205027517946943
A17R_Medtr8g070760_rep3	5.129186834069444	5.090091242333946	5.10470008371736	5.0931375817538305	5.113130931104132
A17R_Medtr8g080740_rep1	0.6443177783375775	0.08224841175971452	0.5387036957326634	0.17929871749595774	0.33685463912546515
A17R_Medtr2g037710_rep2	0.29709357024746985	0.0	0.17077967862423335	0.0	0.09940742829185044
A17C_Medtr6g078160_rep2	1.085198013405477	0.7101727482796616	0.8519988371124463	0.6735564239901448	0.8525315900878095
A17C_Medtr1g041405_rep2	4.688758514592203	4.291235175871709	4.622676607888391	4.363124341829038	4.6054943338525085
A17R_Medtr4g125980_rep1	3.957481291814624	3.2954291667039617	3.644048536290694	3.3243785941221846	3.5218045617239424
A17R_Medtr4g127150_rep3	6.706033176295693	5.892358641822876	6.2401552933371995	5.9339109269490455	6.155276998695892
A17R_Medtr8g040120_rep1	5.809954581981374	5.6182778161671365	5.791110781246858	5.657811472241392	5.772431150628991
A17R_Medtr7g091320_rep3	2.703838990926187	2.3654125924909417	2.657487572956545	2.4423685142959344	2.5868047676311536
A17C_Medtr5g005430_rep3	1.8010206585766495	1.6992554824572048	1.7658176000136996	1.6538243588659605	1.7670897556213354
A17C_Medtr5g088310_rep1	1.0257375614136082	0.9446086068527386	1.0202947622178475	0.969626350956481	1.0114956388378291
A17C_Medtr2g059590_rep1	1.37832665049357	0.4625758880422044	1.0202947622178475	0.34709867062226835	0.7921612484083307
A17C_Medtr2g041180_rep2	1.280956313831056	0.0	0.8700029729135559	0.4991017640673183	0.9540722022495981
A17C_Medtr2g088460_rep3	5.848422639144293	5.4561818974864815	5.642663068649551	5.432681082776182	5.708389589151715
A17R_Medtr2g010920_rep3	1.1953475983222193	0.6596201602493577	1.0660317686168967	0.6819739225816291	0.9944590420423621
A17C_Medtr2g012520_rep2	3.5311110923292186	2.9167950850175086	3.4557984511182167	2.9436088181496016	3.1829570850806466
A17R_Medtr4g082813_rep3	0.35614381022527536	0.09850939213407127	0.2658369224043269	0.051024003024466885	0.3215433249048472
A17R_Medtr7g029630_rep1	5.4609936922943865	4.989895890571622	5.155735742423364	4.98797263006213	5.18244070430784
A17R_Medtr1g050720_rep3	4.117833543609802	3.6555426486698246	4.0374993666615735	3.800572075463178	4.080145978629491
A17R_Medtr5g028290_rep3	3.3121326797867328	2.212569338850806	2.9222612900551312	1.9541963103868751	2.564703337900049
A17R_Medtr4g104030_rep2	4.107185683879974	3.9076918702977568	4.075275901023272	3.991045593080957	4.083468689909837
A17R_Medtr6g453270_rep3	1.1267526479018637	0.7846435693106816	0.9980751230755078	0.7949356628035361	0.9570478548154532
A17R_Medtr7g074190_rep1	4.088254691765082	3.904130807113924	4.067782107395681	3.9443274863026097	4.015604611455118
A17R_Medtr5g459290_rep2	0.7204244057565297	0.08859392326898838	0.388465097283154	0.0	0.4816433834832802
A17C_Medtr1g040215_rep3	2.0883677777961704	1.0514881159578209	1.5639716038051832	0.8903818364214541	1.4826762161542066
A17C_Medtr7g057330_rep1	7.768007837524777	3.1414327909292954	5.979796718278201	3.2804614775919783	4.622930350920177
A17C_Medtr8g099150_rep1	4.383105204893363	4.036122315817861	4.225506310219304	4.058518539571391	4.199489133833402
A17C_Medtr0003s0480_rep2	3.0842343838902444	2.4331375067814114	2.882447416431732	2.131479736122165	2.6769443591069124
A17R_Medtr3g111270_rep3	3.5027973354068247	2.3238504070183907	3.073877345979112	2.1433934186931882	2.6372238066009563
A17R_Medtr4g120130_rep1	3.1335087277146667	2.5723237946965627	2.8770898180752766	2.669631542311985	2.8539291313488664
A17C_Medtr4g094130_rep1	4.50935803357479	4.112922496350433	4.392637986059912	3.8744691179161412	4.191746871011047
A17C_Medtr1g100180_rep1	2.2715252787745226	0.7990873060740036	1.7699127582653351	0.927011481060645	1.5945485495503542
A17C_Medtr5g019900_rep2	5.791110781246858	5.139387633034014	5.626672752605994	5.256041956980615	5.515132108871237
A17C_Medtr1g013360_rep1	3.131205329075995	1.3296020227727834	2.424384671538096	1.70206645660977	2.578294688735439
A17R_Medtr1g079810_rep2	6.076680226720879	5.908828916250827	6.065715907632407	5.94124719225516	6.0465056116319955
A17R_Medtr0199s0040_rep2	4.364409010980781	3.8719750355173663	4.219994525410536	4.071505267347363	4.234603505287322
A17R_Medtr5g085990_rep3	3.044568980887168	2.1330154517912367	2.4435182483357307	1.9378465484521656	2.49236596339547
A17R_Medtr8g077540_rep3	4.433248807808375	4.017417173301991	4.25746327575538	3.9276120574258564	4.2388887412326435
A17C_Medtr4g485570_rep2	3.7850622474391504	2.911819389725089	3.3875004064809846	2.7463127664254587	3.326537348139952
A17C_Medtr1g022375_rep1	1.5139959793670126	0.0	1.1212364867086209	0.0	0.5257348158237787
A17C_Medtr4g083370_rep3	2.9173044437909317	2.6522952701792155	2.8808813972376512	2.74867590379394	2.8489984304000227
A17C_Medtr7g081580_rep1	4.1721941248869285	2.7366048753142485	3.799605422452669	2.5823151323163	3.2785795504584234
A17R_Medtr3g113030_rep1	0.6300947801834185	0.16949747290432254	0.377401430785794	0.07678709908954856	0.29238912572810644
A17R_Medtr3g080050_rep3	4.252350054803155	4.003062474234207	4.153724283519061	3.950623935633687	4.083667242189062
A17R_Medtr0055s0050_rep1	0.21536797220347947	0.05195207963472162	0.1924046087292567	0.042177370244394566	0.15185881672700496
A17C_Medtr8g058530_rep1	5.183062986500418	3.6167105635854333	4.5832783739083425	3.381052596682946	4.478346285946724
A17R_Medtr7g084200_rep3	4.709989019303077	4.14931356853312	4.519248337179095	4.232763071959346	4.672199019115767
A17R_Medtr1g076570_rep2	0.6855664416595619	0.03468526620971905	0.4414834795826449	0.14099673378803151	0.4909123662539713
A17C_Medtr4g070670_rep1	2.9882302230604574	2.602805246324869	2.84197311892718	2.5563067842249767	2.9129691511751226
A17C_Medtr8g077700_rep1	6.290743853292715	5.3432301395534685	5.791110781246858	5.2948657718271495	5.828902332376791
A17R_Medtr1g021642_rep1	1.285500861304657	0.8092772341886326	1.170138718210482	0.8628811436409292	1.1784490737488509
A17R_Medtr4g035850_rep2	2.8517990040155285	2.2951352490008183	2.623554759084388	2.4207967685675293	2.5835190838514874
A17C_Medtr5g046610_rep1	2.617690295950147	0.9602645674989959	1.9634741239748856	1.2720231890610485	1.7072302731807352
A17C_Medtr1g088970_rep2	2.0772429989324603	1.2499509289798827	1.794381206593449	0.7798900393400472	1.4400662937703663
A17R_Medtr7g106050_rep3	7.565513402067221	6.768590163541617	7.535718616435589	7.007453422889991	7.2647866165612385
A17R_Medtr7g055630_rep1	3.4083042624842994	2.8667761288430484	3.3105824885322312	3.0333348953332098	3.2471173519505068
A17C_Medtr6g011890_rep3	0.32385040701839096	0.0	0.21619615537254214	0.0	0.09761079662642234
A17R_Medtr4g082350_rep2	2.6114871727663727	2.3550162642195502	2.4951834779083346	2.401175343378061	2.488172203909059
A17C_Medtr3g463520_rep3	5.052676724303575	4.686575227905075	4.843849882857749	4.604269047926128	4.892471982959573
A17C_Medtr3g117085_rep3	3.71050340148579	3.582796833503042	3.641546029087524	3.5524180608251257	3.633392458961147
A17C_Medtr8g010630_rep3	0.2817476989528691	0.0	0.16263972955378686	0.057508036594665565	0.18184465058176533
A17C_Medtr5g091790_rep3	2.372952097911829	2.2078928516413328	2.3086909380572065	2.125540900764633	2.30343981792937
A17C_Medtr8g105900_rep2	4.431556104825963	4.307792796129895	4.388442135949413	4.2930270846660505	4.40954934101424
A17R_Medtr2g041190_rep1	7.102157691961494	6.467154467562118	6.798443719173018	6.435261873569237	6.645519139271902
A17C_Medtr2g438770_rep3	3.8461589718052704	3.554875315867559	3.729661525875295	3.5290296413667	3.663154828529674
A17R_Medtr1g027500_rep2	0.17802406415942013	0.0	0.12653240592893192	0.0	0.14491651140477882
A17R_Medtr4g081010_rep3	9.32805179382725	8.389637074898431	8.855750971973555	8.382012958157452	8.757932203006533
A17R_Medtr8g033250_rep2	0.906634093689292	0.4001735666468537	0.6226180454657936	0.14099673378803151	0.5833586150185665
A17C_Medtr8g020530_rep2	2.788337695887232	2.5038575325774293	2.6918319040681027	2.391034456895287	2.718672144357853
A17C_Medtr3g117120_rep2	5.052676724303575	4.223782921242544	4.533667165365702	4.117556528432129	4.624256895389608
A17R_Medtr2g011490_rep3	4.839018976895393	4.306043456200442	4.786265270691972	4.1630961384360115	4.592197877059123
A17R_Medtr7g069440_rep2	0.3330420178767184	0.12432813500220175	0.27738969881086384	0.16906981763488346	0.3021727997407522
A17C_Medtr4g125960_rep2	2.6836964543065163	2.296702118599189	2.6810743932741614	2.257111221047032	2.6653927710418914
A17R_Medtr3g048300_rep3	3.9478219806381327	1.9437338296345281	2.9637207174360265	2.3222166050454858	3.0187528509820316
A17R_Medtr7g103030_rep3	11.263077650032141	10.175993164687977	10.771864950521982	10.419072173284539	10.771864950521982
A17R_Medtr4g087730_rep1	4.511826433544981	3.4688005085828326	4.132686507452159	3.801193153410588	4.144753399790568
A17R_Medtr8g009770_rep3	4.803588698308944	4.104392577143512	4.4733323456219845	4.186896673909823	4.481298941547567
A17C_Medtr3g064840_rep2	2.4336716734178947	0.0	1.297289256248569	0.39286691623079983	0.8607642026288281
A17C_Medtr2g075985_rep2	3.0842343838902444	0.0	1.7217372065516312	0.0	1.3651325934525298
A17R_Medtr4g108350_rep3	5.3427088105578795	4.905992639301023	5.221438897074753	4.974988111991927	5.156760642431016
A17C_Medtr3g082050_rep1	4.418302408096339	3.5414735387710152	3.9806042125006313	3.5732937280901846	4.173340676410746
A17R_Medtr3g114675_rep1	1.7833868054149165	0.6795739302778694	1.5748281235874433	1.0551956542421246	1.677320305699499
A17R_Medtr1g026540_rep3	5.624510360654996	5.1380362388947125	5.418358634884384	5.262082313762738	5.370722275148166
A17C_Medtr8g093620_rep3	1.3895668117627256	0.6341285575250407	1.0749620576812222	0.5237292153512574	0.838884553877278
A17C_Medtr4g109900_rep1	3.3269687115878925	1.7649688726389583	3.004381537201152	2.089611139447132	2.45250758066753
A17R_Medtr6g087590_rep2	1.8714494156770003	1.5610409504177685	1.8264637450053085	1.6928735074639982	1.8425095863651324
A17C_Medtr1g073260_rep1	5.674761934852757	4.731382395062797	5.077314220270855	4.6166517584805336	5.239678080132267
A17R_Medtr5g020670_rep1	0.1822685363027195	0.05195207963472162	0.12035194036522208	0.06901467791518046	0.10344168767630196
A17R_Medtr5g016630_rep1	6.7239953447151874	6.2105122530293935	6.5015346847132856	6.2834341261263225	6.525160579746356
A17R_Medtr4g068710_rep2	6.34709276334864	5.907123011087696	6.27347859100278	5.984050023687402	6.308982107295146
A17R_Medtr1g085300_rep1	3.681973922581629	3.5634428982717163	3.638112463036891	3.597054368455717	3.64347141979221
A17C_Medtr5g015840_rep1	2.932502179459972	1.7240681290675923	2.2727199748948728	1.68332216579984	2.269930810099809
A17R_Medtr3g105540_rep2	0.6729532906030623	0.32883646422954	0.5865646053176574	0.20288783347014344	0.5505723690400334
A17R_Medtr1g040430_rep3	5.5231646374993835	3.8808487537549214	4.686986012750917	3.64554795964502	4.814789656534387
A17R_Medtr4g115740_rep1	4.613099408285193	4.2291777165846645	4.568903621789672	4.267835392097616	4.492964077963912
A17C_Medtr0012s0290_rep1	2.224143202555354	0.9446086068527386	1.670387156973834	1.1850207618833937	1.763978059228788
A17R_Medtr1g484960_rep1	1.4088929789809428	1.144481506112507	1.3858911536193272	1.098958480088169	1.2644363446247868
A17R_Medtr5g014230_rep2	0.267835392097615	0.0	0.2416368295519453	0.0	0.1304916263945616
A17R_Medtr8g074720_rep1	1.6140030448649043	1.133563525741106	1.3446391545152627	1.1190241031422743	1.3628906426658602
A17C_Medtr2g093510_rep3	0.16306929485125518	0.0	0.06442302846035976	0.0	0.09761079662642234
A17C_Medtr6g007767_rep1	9.818333452245307	9.182149331031356	9.673906172954618	9.125676928779116	9.546904103538834
A17R_Medtr4g132850_rep3	6.538874380823662	6.2408994308809325	6.480733663303404	6.328196193253532	6.4848202095515
A17R_Medtr2g029000_rep3	5.11838741444524	4.7440354823249	5.0695303251623045	4.629978253694222	4.847779818052146
A17R_Medtr8g066330_rep1	2.8393549796546487	2.388097672082928	2.7375425567977274	2.1791925393880245	2.595742339474399
A17C_Medtr1g116080_rep1	5.765605464974834	4.049659807187588	5.410137549757892	4.392363221894362	5.085906154116151
A17C_Medtr2g018570_rep3	1.4569813292490108	1.0790651589989904	1.2980717349339952	0.9740397654683636	1.2939589790286945
A17R_Medtr6g088470_rep1	5.0863025611404	3.4096172234945907	4.380498584052034	3.861690746565096	4.259523587036643
A17C_Medtr0277s0010_rep1	2.417650017160688	0.9871995749929604	2.0946864897810165	0.6983666673304851	1.7343664031182489
A17R_Medtr2g071640_rep3	3.651109110734403	2.734438666137167	3.3797595694479354	2.713329229898968	3.0683841920010213
A17C_Medtr7g005440_rep1	4.484825578967794	3.964552659325616	4.1519940765728665	3.9476661567960094	4.234603505287322
A17C_Medtr1g055255_rep1	2.532067552289031	0.2199171075335164	1.011734159966072	0.0	1.3446391545152627
A17C_Medtr1g047390_rep2	3.5598996421945768	3.0860477405572952	3.3307018019533787	3.062121711907797	3.5279044079420263
A17C_Medtr5g061880_rep1	2.965137812463181	2.0923202147272724	2.6676650900514054	1.513490745588118	2.70206645660977
A17R_Medtr4g068080_rep3	6.129166222618967	5.5533707438941065	5.951494546258288	5.770820238343573	5.989706706994214
A17C_Medtr5g091720_rep2	4.12515513132229	3.3723485278020866	3.849265386045118	3.2362374773352944	3.8588098920425824
A17C_Medtr1g095920_rep2	4.4826331962188855	4.184518343267524	4.35374672071372	4.183407112437251	4.359450889339242
A17C_Medtr2g027270_rep2	5.10470008371736	4.386994834693852	4.747297877451026	4.305508512304008	4.597928392024322
A17R_Medtr7g035245_rep1	7.3013864453851065	6.924064245500894	7.15583354391126	6.883510850582589	7.029158368068098
A17C_Medtr4g053370_rep1	3.9079161474845736	3.738407568340113	3.844151278046181	3.792334805706692	3.8625505762997285
A17C_Medtr1g102570_rep1	3.3589119538870085	0.7245047580870836	3.0101233765420865	1.3643856635674072	2.887850165471232
A17R_Medtr5g079975_rep1	0.08814159686901757	0.0	0.05658352836636753	0.0	0.025737561413608275
A17C_Medtr1g046250_rep3	1.841704810382444	1.1099176920780356	1.6792736503223908	1.3733234002021013	1.7008835560282685
A17R_Medtr2g069770_rep3	3.2172824247936718	2.5178635713960333	2.9347052001725618	2.192299390843429	2.963474123974886
A17C_Medtr3g113170_rep1	2.6906405786156933	2.337996463515016	2.5986034113905427	2.2460026365190933	2.5045356501179463
A17R_Medtr3g056410_rep3	0.21950414201162155	0.09850939213407127	0.1831159342952992	0.10254615999957173	0.18692307779420966
A17R_Medtr2g437090_rep3	1.859704566120752	1.6725007750342242	1.8068052192348405	1.5382070424346648	1.7770865113670835
A17C_Medtr4g030910_rep1	4.438115387400205	3.923783053523318	4.161027719582108	3.990289312965458	4.153264899646087
A17R_Medtr7g079490_rep3	5.879256487619169	5.5893440379223085	5.6861269655444415	5.544217462897513	5.692203991615852
A17R_Medtr6g060685_rep3	1.8858346376972068	1.3906676855596674	1.6945087949233115	1.3762903833370514	1.6600767333976028
A17R_Medtr3g099460_rep1	4.555079898326656	3.985227166729697	4.4465209202931835	3.671444353073089	4.364712492976603
A17C_Medtr2g025180_rep2	4.278629106320717	3.2845634856787287	3.707230273180736	2.964398632203184	3.8112997602689487
A17C_Medtr7g084810_rep2	4.731853012238795	4.154642612665847	4.599020177391674	4.042060604832904	4.309879509358511
A17R_Medtr7g073030_rep1	0.4023583652080977	0.08224841175971452	0.21246558143115704	0.042177370244394566	0.3145998594335368
A17C_Medtr1g038680_rep3	4.417289951010223	3.168802468702278	3.9325336748818214	2.334186862566518	3.5940309336497998
A17C_Medtr7g105100_rep1	3.1362460825145084	2.233990288343737	2.941544563180853	2.4128718320607287	2.789729251375769
A17R_Medtr3g018710_rep1	0.1656440041144361	0.0	0.10835717809041852	0.0	0.10344168767630196
A17R_Medtr5g054950_rep3	4.562568075234041	4.19925354263711	4.5547934747601575	4.190772868537883	4.4301068209964924
A17C_Medtr3g073640_rep3	2.8350482232207934	2.3983503703459648	2.631104282365877	2.33199177823206	2.6858654148325085
A17C_Medtr4g101330_rep2	6.481837095939738	4.513280179282425	5.586104182439119	4.234271378464624	6.431288654291593
A17C_Medtr3g117160_rep2	2.2097652659741027	0.7993636579646848	1.7999162029890143	0.0	1.2211552953144733
A17C_Medtr7g111780_rep2	3.738407568340113	3.3231778890901724	3.5326078797331983	3.1076878693143737	3.4611792809235644
A17C_Medtr3g046880_rep2	2.792647156238181	1.7632699185181149	2.4253697825636644	1.3518167565883097	2.2097652659741027
A17R_Medtr8g010530_rep1	0.4850832874517738	0.197865391353738	0.3165319543264188	0.17929871749595774	0.4193591052289376
A17R_Medtr7g079430_rep1	1.292781749227846	0.7212997390066946	1.0840642647884746	0.7658176000136995	1.2277410758391278
A17R_Medtr3g053540_rep3	7.184214162767981	7.012233435894742	7.164622045871256	6.986460237867888	7.164622045871256
A17R_Medtr0094s0110_rep3	2.3394224743466348	0.993251664751298	1.9259994185562237	1.3807294485035486	1.8883048952084869
A17R_Medtr2g021590_rep3	2.02207184522746	1.2533842358000746	1.961005868384136	1.341606290350866	1.7849227015628608
A17R_Medtr4g063030_rep1	3.0896676304329413	2.9802690810843444	3.043402836830716	2.9445461403531565	3.012866597105744
A17R_Medtr1g107500_rep3	1.7481749555865096	1.1083571780904182	1.6367599423750352	1.2010064660560933	1.6379965823657978
A17R_Medtr5g041790_rep3	6.233402377421621	5.04468554346628	5.770820238343573	4.801400119991024	5.69764410162329
A17C_Medtr5g086330_rep1	1.8656549230129933	0.2738142445870366	1.0391383939069585	0.0	1.4985912863686894
A17C_Medtr3g113210_rep1	5.435728592553168	1.3974379074473615	2.8917432059470225	1.1005291879633952	2.94965943207136
A17C_Medtr1g086210_rep2	0.607862902831235	0.0	0.5727280128608974	0.1656440041144361	0.33036717529185344
A17C_Medtr3g114870_rep1	1.965076228571388	0.11813819888300373	1.6955484681330997	0.7057567820497971	1.2398053524221375
A17R_Medtr5g065490_rep3	4.585623584461444	3.5484777265333665	4.278306962784454	3.6962535342078846	4.380498584052034
A17C_Medtr2g011600_rep3	3.215782123215621	2.577650376754255	2.982947955157526	2.64347141979221	2.882186531251836
A17C_Medtr8g006850_rep1	1.3378062221959706	0.4215150633500486	1.3173040683619148	0.5665716406267605	1.1949275386188911
A17C_Medtr3g060850_rep2	3.5853231294046712	3.29709357024747	3.464450452397325	3.18692307779421	3.3782341552192388
A17C_Medtr7g103040_rep3	0.9201662408916341	0.0	0.7487474536261209	0.0	0.40671806142196826
A17C_Medtr8g041660_rep3	0.06534252819887196	0.0	0.06442302846035976	0.0	0.06304267908933701
A17R_Medtr2g075760_rep1	3.775893360283772	3.4557984511182167	3.6695937511883328	3.4793168029519395	3.6201171650286854
A17R_Medtr3g069960_rep3	5.064063689641984	4.511531291793178	5.04563226546747	4.47748305572792	4.989895890571622
A17C_Medtr2g036170_rep3	0.2817476989528691	0.0	0.12961273813046964	0.0	0.13925118603620207
A17C_Medtr4g116300_rep2	2.8881749870511	1.1896664466500502	2.292879888409605	0.8004685364723643	2.081225989151625
A17R_Medtr7g058840_rep3	0.6024885533061698	0.10969486482592984	0.2860925743654733	0.11414488390284493	0.3215433249048472
A17C_Medtr2g010750_rep3	6.9323525668157675	6.5316257881753526	6.834138122465061	6.361628012608312	6.9496283083149875
A17C_Medtr3g027140_rep3	3.165858355952122	2.8851187730344923	3.0883677777961704	2.9602027752282565	3.0503275535584247
A17R_Medtr2g445130_rep2	1.6338186670629131	0.0	1.439179845176647	0.490227813434063	1.381467966585142
A17R_Medtr8g027132_rep1	0.1822685363027195	0.0	0.17120682741814242	0.0	0.08406426478847455
A17C_Medtr2g034910_rep2	6.005564669557836	4.7832470973781165	5.679996093250271	4.8002269165924725	5.3957026364011424
A17C_Medtr4g127440_rep2	1.0138790774121291	0.0	0.7977047520238847	0.2525771336582473	0.5264027302064904
A17R_Medtr6g046960_rep1	3.5118053539935334	1.39579401850986	2.6761921718944146	1.683920980809325	2.955312803444705
A17R_Medtr2g435690_rep3	1.859704566120752	1.3779566338101137	1.6976255695380091	1.212673088808845	1.472141136420017
A17C_Medtr7g102920_rep1	4.432469520239657	3.929822552383156	4.343976260067535	4.002702520379824	4.317472913237864
A17R_Medtr1g492830_rep3	3.6907150652843153	3.327783157479153	3.6131387086036666	3.197760570992527	3.6723121849816818
A17R_Medtr3g072460_rep3	0.4977400886090932	0.16048998241054102	0.2947432655611319	0.0699312567521667	0.3276873641760472
A17R_Medtr8g085610_rep2	5.585373209592991	5.305848954096518	5.550254261413746	5.407330088457472	5.561916699684232
A17R_Medtr3g061630_rep2	0.5008020530571576	0.10075343526949533	0.3196179342001613	0.10924910704673436	0.3568950182822838
A17C_Medtr1g039490_rep3	3.2308690657436667	3.104560316127236	3.2077887573347907	3.0330999191462187	3.2081530545531916
A17R_Medtr7g109860_rep1	0.8073549220576041	0.4716210276452114	0.6359865037456232	0.4895429356424735	0.6717462668632227
A17R_Medtr2g016180_rep2	0.05565842731454165	0.0	0.04823618565284763	0.0	0.039840264531791104
A17R_Medtr5g030860_rep3	2.7452373321297494	2.3254823608601143	2.641623094071965	2.2833291680516408	2.51853513898218
A17C_Medtr5g056935_rep2	1.655504486677443	0.5001221779074931	1.0164963198961956	0.4418375586225591	1.4342056423491236
A17C_Medtr8g074030_rep1	5.805902909095777	5.241713090665773	5.6182778161671365	5.435150727743933	5.703396061472504
A17R_Medtr6g018610_rep3	0.2095573399031392	0.0	0.09040181202798936	0.0	0.08723651839460994
A17R_Medtr1g090813_rep1	0.1974460642062172	0.0	0.15315678806142052	0.019108822947704742	0.10344168767630196
A17R_Medtr4g113990_rep3	1.9039380665769008	1.2101810282366032	1.5795019986674452	1.2560042037662646	1.493134922305505
A17C_Medtr2g090230_rep3	2.3556741064799938	1.5817529442452658	2.19377174339668	1.2342969293964812	1.9504684141501227
A17R_Medtr3g089010_rep3	6.5476092012076474	6.142828649907218	6.398053883200606	6.094095284772135	6.305015945386697
A17C_Medtr4g129510_rep2	3.2477756428143723	1.909581115979684	2.8752558279461176	1.5918389629730447	2.9906523768984763
A17C_Medtr8g442340_rep1	4.305508512304008	2.2234225499349374	3.6688377207552634	2.8147554828098738	3.4765545068104817
A17R_Medtr8g087950_rep1	3.6688377207552634	3.5152582902716665	3.647544769708967	3.55077756254916	3.641700154940017
A17C_Medtr1g088765_rep3	1.5390347029707545	0.8599695482210259	1.5377102181029836	0.9360882361798072	1.3516283291027824
A17R_Medtr4g101280_rep3	10.966935816964128	9.417086670861293	10.115099587658651	9.055559919702377	10.115099587658651
A17R_Medtr5g005240_rep3	4.853147340571693	4.451299044850223	4.7582320996572784	4.465560963233684	4.6818053035528475
A17R_Medtr5g038540_rep2	3.698403712228763	3.4368725265410824	3.5791399117605964	3.4454177230894687	3.5721216431358624
A17C_Medtr4g005730_rep1	2.3365690417691156	0.9446086068527386	1.877875100707868	0.8707921214650343	1.5564702902081395
A17C_Medtr3g055940_rep2	3.301294981009143	1.9947003962948504	2.882447416431732	1.7871538174776842	2.896853072896707
A17C_Medtr7g022310_rep1	4.9049015118685135	4.299781928913574	4.5662874897195165	4.273515889702116	4.517065678646159
A17R_Medtr2g088750_rep3	3.167197333867264	2.947790817216108	3.1259816538547165	2.8542616798234475	3.023373649626505
A17R_Medtr5g098320_rep1	1.2041407167802252	0.4347394137213921	1.034215715337913	0.2420435089178205	0.9360882361798072
A17R_Medtr3g099130_rep2	3.2055489111730338	3.0137599989554658	3.1716338497805583	3.0648253817084985	3.144481506112508
A17C_Medtr4g109890_rep2	2.696587392645486	2.4506614090095646	2.615573239883736	2.3590525651547294	2.5389519582808235
A17C_Medtr7g092380_rep2	4.060940862861976	2.82014491611279	3.7107972518401198	2.4672794804599825	3.519583837902304
A17R_Medtr7g039550_rep3	1.0403079886535371	0.19072020101790368	0.9488499961065108	0.15618085423416014	0.5413496296075478
A17C_Medtr5g090300_rep1	5.364502396856103	4.868192877726716	5.351910961103077	4.92592032126511	5.132864694945856
A17C_Medtr1g095600_rep1	7.287324530993277	6.318473516499237	6.902624335989032	6.439285139450978	6.629254607732805
A17C_Medtr3g117230_rep2	2.577408685555998	2.3497426994514057	2.5428358376446654	2.391034456895287	2.482418077297904
A17C_Medtr2g093130_rep3	1.9125221305980464	1.2551985664196899	1.7186721443578536	1.0770150670193726	1.3899338630408509
A17R_Medtr8g074790_rep1	3.4412178632621133	3.0529375073080915	3.3372829291808266	3.0842343838902444	3.3745294731016116
A17C_Medtr6g073540_rep2	5.179112900678564	2.1784490737488507	4.782006595343975	2.9953639123700886	3.5820742213963297
A17R_Medtr3g030930_rep3	3.1373395718160246	2.2775880755785725	2.5835190838514874	2.122230953516887	2.5703819694367005
A17R_Medtr8g096380_rep3	6.9942289636819	6.713920302131236	6.83893496397684	6.6048077090343	6.821097909002613
A17R_Medtr1g052175_rep3	6.751378915170356	6.52843066800088	6.748599878208963	6.553452665747602	6.7149140404520775
A17C_Medtr3g463610_rep1	3.8021932169418253	2.444313681649476	3.3899338630408504	2.431444673128675	3.0529375073080915
A17R_Medtr5g074550_rep3	3.4053116825974445	2.4757766571365227	3.1292280560870047	2.6171417277974056	2.987078273858581
A17C_Medtr4g058820_rep2	0.5607149544744789	0.0	0.4005379295837289	0.0	0.2658369224043269
A17R_Medtr1g077870_rep3	2.2045581028791554	1.7063463591078143	1.8765660587517208	1.677320305699499	1.9484762570497447
A17C_Medtr1g113820_rep2	1.83700131532805	1.0410092906397468	1.4919385868361084	1.2481299827500565	1.5520491113205783
A17R_Medtr8g019370_rep1	2.788337695887232	1.719548541088797	2.2833291680516408	1.745595899309646	2.0677534304317304
A17R_Medtr1g063230_rep1	2.230510460366176	1.104560316127235	1.6656959537772489	0.4001735666468537	1.4938180974293822
A17R_Medtr5g069980_rep1	2.2135028199839164	1.6913852722991298	1.9259994185562237	1.5262357805979156	1.9035525082366558
A17R_Medtr8g063700_rep3	3.2058095371408437	2.8832949676019846	3.136027285161916	2.9010438642893686	3.0545012161825604
A17R_Medtr1g108280_rep3	4.087293102437167	3.5694505844538105	3.895367256759983	3.699773705184328	4.030247783438964
A17R_Medtr3g111380_rep1	2.2826374886242475	1.620117165028684	2.1282934010098176	1.812977332735848	2.112144073755818
A17R_Medtr3g107717_rep3	8.337980115636913	8.149689546018596	8.301456564146559	8.2067408901316	8.323021724011383
A17R_Medtr8g078410_rep3	4.826701010862416	4.568619929859823	4.754317435953982	4.564926849311519	4.6702360656985356
A17R_Medtr4g036440_rep3	2.447843644362085	2.2333768106416976	2.4207967685675293	2.1433934186931882	2.3163388612335933
A17R_Medtr3g020560_rep1	0.2837242646009788	0.0	0.13224779829843974	0.0	0.11147651993459733
A17C_Medtr2g090705_rep2	3.9327541235847567	3.61541629726287	3.8653579873223216	3.6994776007057086	3.9023308932706495
A17R_Medtr7g045290_rep1	0.8324174752518666	0.6708403358815619	0.7450221490372645	0.6538243588659602	0.7977047520238847
A17R_Medtr6g016870_rep3	3.873485126716768	3.681449265314958	3.8132852463542415	3.680286844784812	3.867006857211152
A17R_Medtr6g011860_rep3	0.34596403034287176	0.0	0.2549970867683756	0.0	0.2448870591235345
A17R_Medtr3g010660_rep3	1.3064566861249225	0.42903564531984345	0.8789214797498508	0.5075832408224092	0.8968530728967068
A17R_Medtr2g025050_rep2	3.3228415125281945	2.8284961872868224	3.0491079574123416	2.7469576424136477	3.0456177052179774
A17R_Medtr1g079850_rep3	1.6083361503476612	1.0551956542421246	1.2876692904140938	0.965938163926367	1.483364360713349
A17C_Medtr8g009280_rep2	4.850232686380432	3.986835640988704	4.538641623419794	3.840060330832395	4.410182786652444
A17C_Medtr6g029470_rep1	3.1685885538794984	2.8759766021384583	3.061372992933267	2.8632777244949104	2.99891757275836
A17C_Medtr3g027890_rep2	5.330092245316578	4.300733872618239	5.247813611970504	4.640659485758653	5.0863025611404
A17R_Medtr1g085550_rep3	2.8513326191182067	2.3173040683619157	2.611408481024957	2.3222166050454858	2.6341285575250413
A17R_Medtr2g073010_rep2	1.8522652381917533	1.1278533537162156	1.4960361849731072	1.0644230284603595	1.7346554334790052
A17C_Medtr1g112230_rep1	9.114179595696543	4.852032139937688	8.556411532378531	5.830204609867972	7.124910527617468
A17C_Medtr5g042620_rep2	4.103945177817248	3.7760337822267367	3.9829479551575266	3.760753208062986	3.979659551715824
A17R_Medtr7g052640_rep3	6.993145971147622	5.9726007596737825	6.726100059036607	5.7138332601862825	6.676121634232582
A17R_Medtr2g036740_rep3	3.835654638257535	2.2640359296788666	3.7269764962271066	2.7710404144367784	3.2426533131005755
A17C_Medtr4g097410_rep1	3.2804614775919783	2.668951150580454	3.004381537201152	2.8035714783706425	2.9412941496343983
A17R_Medtr3g117680_rep3	2.6341285575250413	2.052184005531996	2.4180099934686847	2.1844918953351167	2.6023301807234445
A17C_Medtr4g037670_rep2	2.206539039470558	0.775963572963716	1.8379432418910269	1.3296020227727834	1.8569193116717744
A17C_Medtr1g033480_rep2	4.519017635165189	3.620860066482241	3.887785192378338	3.380544759897921	4.032541697270038
A17R_Medtr6g465410_rep3	6.068541839312817	5.166702056865692	5.572465283937189	4.96106762626779	5.6850711310141575
A17C_Medtr3g005520_rep1	4.99397621237223	4.296383985908042	4.728265208409058	4.035447960582276	4.497378177430081
A17R_Medtr4g074580_rep3	1.7786291258955675	1.187556626091395	1.620117165028684	1.069243877223136	1.4116070232520304
A17C_Medtr8g104765_rep3	6.497995500673298	5.921349047909043	6.236811481249411	5.6861269655444415	6.535430914871278
A17C_Medtr8g099465_rep1	5.651367470457081	4.653499563095797	5.2853405639106	4.680511902510954	5.169497472904324
A17C_Medtr7g018980_rep2	1.5843211603945735	0.9216902146680864	1.5069065545806932	1.0325710827542671	1.5178635713960336
A17C_Medtr8g103900_rep1	3.1220652566455627	2.742581161573116	2.968705187761907	2.5473675657061166	2.893685793818024
A17R_Medtr4g081370_rep3	6.314116431140675	5.47058024724113	5.826709483921384	5.5582268101889305	5.834449980899513
A17R_Medtr8g028835_rep1	2.0783821186449285	1.4397117796904677	1.95345150136626	1.4448437269830563	1.9227053035689887
A17C_Medtr4g073010_rep2	4.871547983985097	3.966491993418464	4.334019962621924	3.936685046642969	4.419561363224143
A17R_Medtr5g089030_rep1	5.147388112681778	4.896497908223067	5.087137490979662	4.935051083492109	4.994685312836936
A17C_Medtr8g027685_rep3	2.723922556690608	1.7323415676407588	2.4513649910966087	1.9071470519314568	2.5800650643982257
A17R_Medtr5g044540_rep1	1.9977139225626537	1.1542375395097355	1.9336985223884007	1.2986583155645148	1.9171134553246347
A17C_Medtr3g083910_rep1	3.5917990781178144	1.0815668772028837	3.0013819206829035	1.053806443695794	2.0505597407385974
A17R_Medtr4g118580_rep3	0.6132173060290294	0.06855617003244341	0.2750070474998698	0.01578299724092746	0.3215433249048472
A17R_Medtr8g024680_rep3	4.224117471159431	3.413864833097948	3.661749599810705	3.1988084320502788	3.8038814058173935
A17C_Medtr1g017770_rep2	3.9241632437154927	3.2232165830503146	3.8197362978016502	3.2606279081266987	3.646777092874544
A17R_Medtr3g096320_rep3	3.7379030413054593	3.2625333830675536	3.54901194388709	3.148337602217487	3.4496494082379217
A17R_Medtr8g089965_rep3	0.05334307608593645	0.0	0.03139519627553432	0.0	0.030453796541713988
A17R_Medtr5g073830_rep2	0.5170236720645807	0.21495370226785795	0.4840521771940245	0.2912106137163042	0.3568950182822838
A17R_Medtr7g094900_rep2	0.2896377653284226	0.0	0.12653240592893192	0.0	0.09940742829185044
A17R_Medtr1g033600_rep3	3.570989070639732	3.3431709071086964	3.5096113972588983	3.4054478437075355	3.498718922727984
A17C_Medtr1g061340_rep2	2.3015876466031866	0.7993636579646848	1.8768279621818469	1.2690331464552371	1.8253786038929312
A17R_Medtr5g080260_rep3	4.2384811714747554	3.0393138935776185	3.667929960953368	3.1277983383658214	3.542959619232954
A17C_Medtr8g063100_rep3	0.2058095371408437	0.0	0.09536185612286018	0.0	0.09085343045111348
A17C_Medtr2g026760_rep2	4.7487474536261205	1.6822736410912538	3.6366439530109815	1.7899378689801946	3.5788179804232554
A17R_Medtr0009s0050_rep1	4.5924371035201315	3.8808487537549214	4.340324886049179	3.3973922691498752	4.168374607333911
A17R_Medtr4g024370_rep3	4.747673833373993	3.4058562499497214	3.927137938968504	2.985803995806455	3.918449843936488
A17R_Medtr7g037560_rep2	4.309467258808239	3.862715869438266	4.204923216685989	4.012985749322601	4.26168124483959
A17C_Medtr6g007090_rep3	1.9785617494757468	1.4162993054798791	1.8455904088478547	1.5504081932172795	1.858378925082071
A17R_Medtr1g028380_rep3	3.544732655932623	2.844184762514064	3.4331375067814105	3.061718603820703	3.4313555215735168
A17C_Medtr4g104370_rep1	2.3315141437165603	0.2904244038652997	1.1056780778945372	0.4464326955543782	1.1464379978412729
A17C_Medtr4g105610_rep3	2.211012193485512	1.8103745493515464	2.0632728290524778	1.8987887971115536	1.9737949296526056
A17R_Medtr1g016900_rep3	6.159259154470763	5.6939236493201415	5.998534018279178	5.7828104225435615	6.054313081669316
A17R_Medtr3g081040_rep1	0.14839183989267116	0.0	0.05658352836636753	0.008152195763459078	0.06809751638340833
A17C_Medtr4g109880_rep1	3.625699103318232	1.2203299548795556	2.28678259967918	1.4963771267307826	2.5575326276506614
A17R_Medtr7g029620_rep3	4.417560009047555	3.862120725488496	4.300074901575697	3.849799149188936	4.2978517056957415
A17R_Medtr1g088845_rep2	4.369466483650723	2.6745359782821603	3.6513770384472175	2.5439082587439685	4.213865677369951
A17C_Medtr1g106910_rep1	0.9637207174360264	0.1643572238529242	0.6599245584023783	0.0	0.4222330006830476
A17C_Medtr5g014370_rep2	4.085622939541056	2.0421773702443944	3.765499385757064	2.2863883399128704	2.99669002974012
A17R_Medtr8g070860_rep1	5.9246858416910255	5.663373085838217	5.8218547493768105	5.723294607500143	5.7729413378313374
A17C_Medtr0032s0050_rep2	1.4700595753410215	0.0	1.4318903482861802	0.39286691623079983	1.1799356220935528
A17R_Medtr2g062200_rep3	0.11147651993459733	0.0	0.07815436664494682	0.02290040211007883	0.04684025420297235
A17R_Medtr4g045980_rep2	3.8108543624114968	3.6118018968166807	3.7437303760446285	3.5867247179687167	3.6919063292552994
A17R_Medtr1g100180_rep2	1.4997821201473118	1.3163388612335931	1.4487247871494404	1.3580210974659457	1.4478436443620857
A17R_Medtr1g109190_rep1	0.4197186553967521	0.13837761953001482	0.30723420974432897	0.08451787115627016	0.21495370226785795
A17R_Medtr7g106080_rep1	2.139469495038796	1.3858911536193272	1.8547935979936867	1.4967179879351769	1.7259592345091876
A17R_Medtr4g120400_rep3	5.734565117711322	4.726849377731897	5.6133253704977495	4.829849559844691	5.493796753102937
A17R_Medtr7g080040_rep3	6.058006158659843	5.5781638361507	5.8024345077612285	5.660913409074133	5.908348583624518
A17R_Medtr3g078000_rep3	4.23710477285782	3.3557680594637067	4.069644888415038	3.3989431619067347	3.828123787152177
A17C_Medtr7g033155_rep1	3.4100696917563798	1.87263179113525	3.3548752589864916	2.1492593654996237	3.0529375073080915
A17R_Medtr1g109340_rep3	2.3083997100427154	1.8890840985981496	2.160167243874266	1.7067883838391145	2.2558028366027183
A17R_Medtr1g012370_rep1	2.5882449025519816	1.6611415091627604	2.257513562272784	1.8535965062025124	2.034567892818214
A17C_Medtr4g015610_rep2	4.641160642404081	3.9486631386805535	4.155101558125701	3.735919260919912	4.318027550168807
A17C_Medtr1g090050_rep2	1.2060180040208954	0.7186721443578534	1.1357537417999752	0.9227053035689886	1.0976107966264224
A17R_Medtr3g466380_rep3	2.5577776713949256	2.4142257549938537	2.474306240288402	2.374900369701351	2.4586444793756748
A17R_Medtr1g101520_rep1	4.994685312836936	4.643990835028529	4.842459301016223	4.598762193587587	4.924004843311192
A17C_Medtr8g063940_rep2	4.505552229167094	3.9114039727992096	4.246534767234252	4.059816718541796	4.1758705296470735
A17C_Medtr4g006040_rep1	1.9580383766812697	0.9318091061657259	1.8267349027997144	1.3021727997407522	1.5892841066712498
A17R_Medtr7g113510_rep3	2.8391533873898216	2.215782123215621	2.8331599669261385	2.4078059300477683	2.7335712709263764
A17C_Medtr7g113960_rep1	5.712825023458475	4.856072722948931	5.720004786954807	4.955483302711103	5.615288768810965
A17C_Medtr4g091080_rep1	3.2804614775919783	2.9594610614682626	3.2028878334701436	3.0317480628642786	3.1397968966153487
A17R_Medtr3g015550_rep3	2.5003771686362133	2.2238343955103543	2.294547233895515	2.146655222119465	2.3499313733601155
A17C_Medtr5g055940_rep3	2.8927148268441507	2.646469907726809	2.741574847418796	2.5596549586355963	2.785899239364128
A17C_Medtr1g031650_rep1	3.862120725488496	0.9602645674989959	3.4070807754505013	1.2182645357137716	2.4091646132819724
A17C_Medtr8g044140_rep2	4.074219974631978	3.0328061450832418	3.5443617354932773	2.604624883315317	3.3296020227727836
A17C_Medtr7g005380_rep2	7.119895634153568	6.304261566392148	6.7074511671063295	6.152338931792091	6.571429059315379
A17R_Medtr8g006955_rep1	2.3739729493551365	2.037147904146322	2.2623329252318984	2.020057652341253	2.1777052247811532
A17R_Medtr6g007613_rep3	5.944132231464453	5.354593207169192	5.636614954212835	5.465909182708502	5.773899650055323
A17R_Medtr5g069640_rep3	3.7197310567498523	3.2222378385864148	3.661749599810705	3.3022215517907987	3.468452986364805
A17C_Medtr8g461380_rep1	3.0571036371411733	2.4019944618032447	3.0101233765420865	2.5017363585532824	2.741574847418796
A17C_Medtr5g097270_rep3	1.6124311390209156	0.8797057662822882	1.3064566861249225	0.7392720615493751	1.4951834779083346
A17C_Medtr2g027300_rep1	8.959249487262474	5.6421528044313565	8.829413024447808	6.858208989258536	8.23486212803062
A17R_Medtr3g104850_rep3	5.015872181863148	4.6095776869823695	4.847779818052146	4.718818247455947	4.895189502368166
A17R_Medtr0052s0060_rep1	0.08814159686901757	0.02526508882353685	0.06626144226872127	0.03562390973072122	0.08406426478847455
A17R_Medtr4g122740_rep3	2.7663831410012976	1.0372650678318445	2.3081084232279383	1.2373597605820017	2.159521550125957
A17C_Medtr3g064490_rep1	1.0660317686168967	0.0	0.5688428353578793	0.0	0.6562675347942892
A17R_Medtr5g068600_rep1	2.0669502439246266	1.8372704999618918	1.9688894674599693	1.773293085983971	2.0392553960594806
A17C_Medtr7g080060_rep1	8.87486867271469	6.4192354891603625	8.684752126359141	6.753845179305363	7.863298376761212
A17R_Medtr3g092770_rep3	2.926821773412925	2.493732718228832	2.6563438174137857	2.4602183286672736	2.6202735971286897
A17R_Medtr6g069050_rep3	2.742581161573116	2.2479275134435857	2.4851691800509057	2.2220832392712806	2.393873777639544
A17R_Medtr4g108850_rep3	1.9742845597407568	0.9433587626778102	1.8509327405992084	1.1342209397606338	1.5107931731469
A17R_Medtr6g015460_rep1	1.2195041420116215	0.8015725694635982	1.1018741492549209	0.6390777734967739	1.0262098793228491
A17R_Medtr5g015370_rep3	6.617680501919177	6.178880595996107	6.392231545518049	6.007539386472813	6.292511832050287
A17R_Medtr7g090300_rep1	1.9345794038572803	0.903552508236656	1.4943302665516967	1.0195833156475542	1.4852550675366216
A17R_Medtr8g105810_rep2	0.2566081366743607	0.07541853452125538	0.1843860987567032	0.08904610789606891	0.22239242133644802
A17C_Medtr0274s0020_rep1	2.702879138513209	1.8823169797388264	2.502924600211961	2.0545012161825604	2.3083997100427154
A17R_Medtr8g479320_rep3	2.595105774446857	2.1381591452294697	2.3348542693316325	2.09873395358536	2.4546146023395212
A17R_Medtr5g005150_rep3	3.4646682670034443	2.999879770403623	3.221567788538409	2.833767176015375	3.2274330380369776
A17R_Medtr5g081150_rep3	3.5204222485264456	3.010183067269702	3.4100696917563798	2.9972924076365084	3.5029670193190303
A17R_Medtr0177s0070_rep1	0.05889368905356863	0.0	0.0214797274104514	0.0	0.03421571533791299
A17C_Medtr4g063705_rep3	4.321543324904846	4.1280733941407854	4.288752283978432	4.185892968055465	4.283971145009694
A17C_Medtr2g066700_rep3	1.7365327207196757	1.4023583652080975	1.7301689428023308	1.3988975712024732	1.680024233056604
A17R_Medtr3g086940_rep1	5.898095461156036	4.410454178236551	5.213749054591278	4.657811472241392	5.150261792118348
A17C_Medtr5g094560_rep1	8.544979883255804	4.14257681424455	6.909561115743442	4.579904210898127	5.73391467722551
A17R_Medtr4g051658_rep1	2.8269382377051584	2.00611846138338	2.280560458418808	1.869345019219072	2.337425664282688
A17R_Medtr4g130860_rep3	7.199201183812944	6.901192735731753	7.070382171648247	6.835385151931749	7.0172798252134285
A17C_Medtr4g119810_rep1	2.910732661902913	2.410431564221032	2.907659827853289	2.5178635713960333	2.7579477547357585
A17R_Medtr1014s0010_rep1	3.093616512731878	0.9683980026141712	2.6586304224585384	0.8549265468986229	1.929917212236056
A17R_Medtr4g108250_rep3	3.301099837624444	3.006417719830156	3.153967427539337	2.8542616798234475	3.145514429596175
A17R_Medtr5g016750_rep3	6.243637349044112	4.857151621698068	5.953529103582465	4.309879509358511	5.4722819669509875
A17R_Medtr2g071760_rep3	3.49761236561836	2.653671522906192	3.360785644907724	2.402904048266065	3.178502191145109
A17R_Medtr3g022000_rep1	3.699773705184328	2.398076692067445	3.4201679671325738	2.616592950978604	3.026091814341328
A17R_Medtr4g011640_rep3	0.3083997100427153	0.09850939213407127	0.2658369224043269	0.14578612869505675	0.20872533581959013
A17R_Medtr3g037570_rep2	6.495370050649402	6.267591976688353	6.457441075618276	6.34077588031534	6.436261800862447
A17R_Medtr4g060900_rep3	3.4861136612898034	2.7910499870085848	3.3219280948873617	3.015901908845437	3.2401107601163712
A17R_Medtr4g134540_rep3	3.8203491818762885	3.2401107601163712	3.4568499462293354	3.212102371686707	3.4771592111866414
A17R_Medtr8g101480_rep3	3.0137599989554658	2.8623521995320202	2.9379093057021435	2.829511335709772	2.9416697536565373
A17C_Medtr1g100787_rep1	2.2747089392147117	0.9871995749929604	2.2030967229283944	1.2785795504584234	1.7277026728372382
A17C_Medtr6g039830_rep1	1.8740756019685567	0.9153296760130096	1.7537471443996078	0.6028052463248688	1.8547935979936867
A17R_Medtr4g022580_rep3	4.622481390567739	4.221490455042055	4.544856274889975	4.259523587036643	4.422479709149961
A17C_Medtr5g067680_rep3	0.2058095371408437	0.0	0.17887395816979546	0.0	0.10657166419804404
A17C_Medtr7g056393_rep1	5.3669283102840595	2.261931925982318	5.046039892803908	3.366905003605746	4.19006169473912
A17R_Medtr1g007630_rep2	2.5846418661958035	2.3470986706222687	2.512395465041946	2.3974379074473617	2.4411293136201717
A17R_Medtr1g087775_rep3	4.073620321078783	2.7924389300646384	3.5552026338782965	2.886940275785588	3.73501664002076
A17R_Medtr4g075550_rep3	6.228517296051713	6.00137441382076	6.090606469142539	5.951494546258288	6.099267146985196
A17C_Medtr3g068175_rep1	3.2225469875249315	2.1482833625031774	2.9213728528592684	2.232251423537171	2.7104666659828047
A17C_Medtr1g097910_rep1	5.504694537820433	2.26483664846778	3.630754919235246	2.18966644665005	3.9951528267181216
A17C_Medtr4g022510_rep3	0.5203803395650666	0.18396283484259515	0.4716210276452114	0.11414488390284493	0.3688614532200104
A17R_Medtr7g051450_rep3	3.1328509889968927	2.562425611960623	2.9025238486273803	2.5437433227610646	2.9106047577367855
A17R_Medtr6g004400_rep2	3.6405438094981455	3.3379489055370355	3.469668948061812	3.3383768709109938	3.4890718934913987
A17C_Medtr8g469730_rep1	3.0591821992116923	2.2041407167802256	2.7713221908128483	1.5703010033036768	2.623554759084388
A17C_Medtr7g108825_rep1	3.707230273180736	2.946044590350734	3.5410604668329904	3.1795110502715103	3.4439160198131065
A17R_Medtr6g016425_rep1	1.3478546020206943	0.23919434300767314	0.870529119907312	0.17929871749595774	0.6467770928745442
A17R_Medtr4g125950_rep1	4.320821604480473	3.5705843648917663	3.8695753371461534	3.6318803421161054	3.8465267461192574
A17R_Medtr7g019120_rep3	6.059917639073343	4.927011481060644	5.6162988775066855	5.217683103407668	5.788424707439437
A17C_Medtr7g038910_rep3	3.4064913188372388	2.449957483628004	3.1197435000054026	2.4167496832317616	3.393736519727043
A17R_Medtr3g092095_rep3	8.65108040124233	8.397522049273697	8.56785089486787	8.461199748795941	8.589234162060174
A17C_Medtr8g014490_rep2	1.8996912470124088	1.0644230284603595	1.8133878696248085	0.8859647567539704	1.6447792192629536
A17R_Medtr7g058430_rep1	3.614866863601746	3.2016338611696504	3.5336879278994817	3.296799991469272	3.475171372864632
A17R_Medtr4g100350_rep3	3.4904417710848565	3.1577444007812714	3.4208865749755315	3.2320978936201152	3.4413949462426827
A17R_Medtr2g094090_rep3	4.7735040937177	4.363358003141906	4.760025734668983	4.505827429431045	4.679949192353309
A17R_Medtr1g013400_rep1	3.813832486128809	2.3132458517875616	3.4326031422932144	2.2267140272865418	3.0694730401242434
A17R_Medtr8g447080_rep3	7.128619911855838	6.582375353761048	7.050309412361143	6.733535118139392	6.8707140478814726
A17C_Medtr1g115475_rep1	5.152629628037802	4.308156975114762	5.043752779031871	4.164142648848307	4.757965527935314
A17C_Medtr4g128290_rep2	5.093574260510967	4.646239475934881	4.9755231937415765	4.8002269165924725	4.980162432033038
A17C_Medtr2g100740_rep1	0.6675137134140611	0.0	0.4874863493485363	0.0	0.2322514235371705
A17R_Medtr4g050400_rep3	7.873265687170359	7.303114032512666	7.682465615544954	7.08750880874236	7.579016680906808
A17R_Medtr4g105370_rep3	2.723922556690608	1.8919375824825904	2.367836977178781	1.993251664751298	2.2121542643918137
A17C_Medtr5g037930_rep1	3.528404620038648	1.9026524711960813	3.154561607132877	1.2014247597792	2.8808813972376512
A17C_Medtr7g022890_rep1	4.221103725367875	3.5414735387710152	4.119051778886655	3.7604338746701114	4.008182082242116
A17C_Medtr8g020300_rep2	0.4716210276452114	0.0	0.4157586665224981	0.14274017211608214	0.27421195514527924
A17C_Medtr1g097935_rep1	6.757041031100021	3.5083018723533064	4.913240488964415	2.711861957928213	4.608000949393611
A17R_Medtr6g092790_rep3	6.079065158998993	5.033496419264288	5.888223703980947	5.275901002939539	5.7578588854534924
A17R_Medtr5g066510_rep3	4.231816379663838	4.043606980096832	4.12515513132229	4.055513826674868	4.184809238528292
A17C_Medtr3g102530_rep2	2.7977047520238845	1.8748625265558247	2.6244908649077936	1.7531766273221232	2.7347276820225206
A17C_Medtr1g016217_rep2	1.0386702903853662	0.5001221779074931	0.7378309516094597	0.405992359675837	0.7119353569789217
A17R_Medtr0082s0090_rep1	1.1886119220501514	0.2497487150835689	0.7615689613068632	0.39030082095733737	0.5862443266969862
A17R_Medtr8g088380_rep3	3.1148667172877316	2.2775880755785725	2.6520657670304075	2.2833291680516408	2.6286180821001803
A17R_Medtr1g040905_rep3	5.99355360381623	5.25912180605768	5.875059190653491	5.543784558524601	5.811325452104311
A17R_Medtr3g082725_rep3	3.121402278787969	2.6625093528647	3.1223414075261195	2.8479969065549504	3.0714194564898865
A17C_Medtr7g112963_rep1	1.9238464255134404	1.1913520843950636	1.7138424227435805	0.9759969576164432	1.8547935979936867
A17C_Medtr4g106370_rep2	3.1597906243086	2.7000697489017544	2.925936141070264	2.6625093528647	2.8417048103824434
A17R_Medtr8g059170_rep2	0.06488285158485439	0.0	0.040307988653537005	0.0	0.023846741954367662
A17C_Medtr2g009190_rep2	1.7663831410012982	1.0410092906397468	1.3906676855596674	1.051720116447328	1.4180999735130515
A17C_Medtr4g098490_rep3	2.3962508422497493	2.008869300429481	2.318268630168848	2.158013806589768	2.309273217780256
A17R_Medtr5g024800_rep3	0.5649471668137682	0.3033423944873308	0.4833643607133496	0.21619615537254214	0.5207155771733809
A17C_Medtr3g117880_rep2	2.9863502527964263	1.8379432418910269	2.6420853975498217	1.6816741417928334	2.6605331620987647
A17R_Medtr4g133515_rep3	4.584020433944762	4.09769506373552	4.343976260067535	3.9656303889831435	4.357200084860054
A17R_Medtr2g075760_rep3	3.957264589592529	3.531527022402124	3.87013452765225	3.640775152744904	3.7281019142252068
A17C_Medtr3g080840_rep3	1.6973290237937195	0.0971612888985644	1.3968901525685842	0.6366052878172532	1.1420866296175272
A17R_Medtr2g038220_rep2	0.2166100687424417	0.0	0.14578612869505675	0.0	0.07633105513415044
A17R_Medtr4g087310_rep3	6.424267084950391	5.9343749614475465	6.099996460872696	5.8250053980480665	6.163478605258543
A17C_Medtr1g043760_rep1	6.805391349403392	5.255551088117445	6.255727316669657	4.99676534073332	5.7053328746678975
A17R_Medtr5g065580_rep1	7.865727085650757	6.502457907698082	7.412366606189356	6.226771818178643	6.962614570438952
A17R_Medtr4g088405_rep3	0.07496205768122191	0.020057652341253486	0.048701196145475835	0.02290040211007883	0.03890436113154222
A17C_Medtr1g087320_rep2	5.7421320009144114	5.023565862095534	5.4753010980171375	5.067136737792444	5.252652818667974
A17C_Medtr7g096510_rep1	3.9287177282690537	3.4802651220544627	3.892002368841848	3.5432071505531297	3.835351462601338
A17C_Medtr1g109100_rep2	1.9649530529008	1.1168083216578888	1.3790663992809042	0.8786599561307371	1.5545069943176395
A17R_Medtr5g041330_rep3	2.387270623086234	1.5208831667700018	2.3063594662023217	1.7497487788644956	2.0713050340731334
A17C_Medtr1g022235_rep1	3.4843959625026666	3.318991628550694	3.401357409890277	3.2989026537886392	3.4393571784742565
A17R_Medtr1g016330_rep3	1.3142131297593571	0.7581610186806959	1.1105859674119436	0.8747314022620847	1.1600596483161083
A17R_Medtr4g051655_rep1	0.24812998275005616	0.07267750448666825	0.17120682741814242	0.0944612973914405	0.15185881672700496
A17R_Medtr1g079410_rep3	3.6263223145553924	3.326537348139952	3.4368725265410824	3.3042189687163566	3.437449702241022
A17C_Medtr5g086310_rep1	1.5647846187835257	0.0	1.1137004991647284	0.0	1.0588936890535685
A17R_Medtr4g011250_rep3	2.0959244199985356	0.5153424050745292	1.3402774047662542	0.8429118060715306	1.3381866797511526
A17R_Medtr5g098973_rep1	1.955436804909468	1.2845141332442451	1.6165145372469822	1.3742512380634528	1.61227385419755
A17C_Medtr0022s0280_rep2	3.616396908657789	3.390300820957337	3.5705843648917663	3.301294981009143	3.5652722079418497
A17C_Medtr8g018400_rep1	4.0374993666615735	3.5006746008691785	3.990047219573794	3.71779521491688	3.9053188051004417
A17R_Medtr8g103390_rep1	0.8073549220576041	0.269033146455237	0.5387036957326634	0.2777864250723736	0.5277376320282061
A17C_Medtr8g066470_rep1	3.045501217931609	2.692427198089708	3.0279796955835088	2.631492364423601	2.9003999189827967
A17R_Medtr8g099485_rep2	0.2566081366743607	0.0	0.15833702716710066	0.0	0.0922074380970889
A17R_Medtr1g059670_rep3	4.3435736397844495	3.515594720061774	3.90130136195475	3.457725607110753	4.0283333984515135
A17C_Medtr4g106640_rep2	4.08610437124329	3.1617802150565804	3.5084709101156943	3.0430528097264777	3.868456305484668
A17R_Medtr6g083830_rep3	0.8535965062025125	0.07952033964352635	0.563971603805183	0.2986583155645152	0.5730513058686121
A17R_Medtr1g066770_rep3	3.528112850726387	3.1538053360790355	3.4485486016401676	3.1891392806994743	3.4934765503063643
A17R_Medtr7g063650_rep2	4.0798616309058255	2.9836776946980668	3.671444353073089	3.1429579538420427	3.6056918631928636
A17C_Medtr3g010850_rep2	2.788337695887232	2.033628561758164	2.4216945811802923	2.145894794009076	2.543248401644413
A17C_Medtr3g078490_rep1	3.3193289038394047	1.4469619630776074	2.449957483628004	0.30139254280399985	2.355298233347954
A17R_Medtr8g016150_rep3	0.7899378689801948	0.42903564531984345	0.7107605238188122	0.24366908096686266	0.581752944245266
A17C_Medtr7g107560_rep2	3.4927932133884907	2.621368147149893	3.1954000971865426	2.3626101536903703	2.8567865462880806
A17R_Medtr4g028510_rep1	0.04823618565284763	0.0	0.0214797274104514	0.0	0.03421571533791299
A17R_Medtr8g096840_rep3	5.484514119784605	5.105678077894537	5.4872826734930396	5.135767420199946	5.408836382063591
A17R_Medtr8g027840_rep1	2.6391549704382737	2.3475711741606644	2.4446670668419075	2.3083997100427154	2.555979716655929
A17R_Medtr1g096260_rep2	0.4474910365048033	0.2509615735332188	0.388465097283154	0.2598248493579038	0.34103691783506696
A17R_Medtr7g090350_rep3	0.8117450206628195	0.5531966445083141	0.7745586697064392	0.41106462270392025	0.7308935146828062
A17R_Medtr3g105860_rep3	7.068774695870374	6.743923318398656	6.9972510022065855	6.579039315934392	6.8723198694947625
A17R_Medtr3g018790_rep3	4.043140324464456	3.4904417710848565	3.741215279328584	3.398122308719336	3.9925569649934944
A17C_Medtr1g032190_rep1	4.666491505451282	3.952954748312927	4.270977378909498	3.8729928793281214	4.3137537535850585
A17R_Medtr5g097970_rep3	1.0664910793628617	0.3134393592710369	0.6762674082658898	0.2248634953762949	0.636914580355878
A17C_Medtr5g013440_rep2	4.10855233467386	3.3974379074473617	3.7850622474391504	3.5287796653280323	3.69936654585614
A17C_Medtr4g124250_rep1	3.661749599810705	1.4101601683824727	2.740927560318628	1.838884553877278	3.0163180222946733
A17R_Medtr7g021820_rep1	2.00611846138338	1.5668963160058484	1.8791829559700293	1.5857637754103953	1.7605758093488515
A17C_Medtr6g083240_rep3	1.2789759497028157	0.7504635859151835	1.2060180040208954	0.8903818364214541	1.1579060503032863
A17R_Medtr5g095660_rep3	4.31655608914597	3.6862390441928152	3.9983459641265218	3.5791399117605964	3.905607629725045
A17R_Medtr8g037260_rep2	2.268334577266046	2.072220159407267	2.260326813470302	2.043461166425843	2.2532833727217043
A17R_Medtr6g018860_rep1	0.2638356805230329	0.0	0.1924046087292567	0.10299399332332566	0.20037879798402627
A17R_Medtr4g083140_rep3	1.6157301654335603	0.41106462270392025	1.292781749227846	0.5430008774024255	1.2432628596377286
A17C_Medtr8g074270_rep3	4.945560885993885	4.248256511638753	4.752481004456373	3.9908036265752815	4.529133785267363
A17R_Medtr1g050690_rep1	4.846844293959455	4.5593490458177	4.679949192353309	4.5504287162168735	4.76627711895158
A17R_Medtr1g028290_rep3	4.144753399790568	2.7375425567977274	3.261280064388358	2.719767557111416	3.2229075775786256
A17C_Medtr2g035730_rep1	2.238684970746304	0.0	2.124107522563376	0.0	1.1056780778945372
A17R_Medtr7g039540_rep3	1.6031218698399965	1.1563966165976651	1.4979103683426502	1.0593552776164208	1.3946970509946683
A17C_Medtr1g116580_rep1	3.773890861092639	1.6084938650284293	3.07056106707866	2.3100492253513827	3.4268014716133814
A17R_Medtr6g007670_rep1	0.5597365244329826	0.02526508882353685	0.4453735776498027	0.16992500144231235	0.3099522472287444
A17C_Medtr1g053780_rep1	2.033628561758164	1.4101601683824727	1.6851178656987869	1.4358063643734158	1.8118819962186683
A17R_Medtr4g083210_rep3	0.4517166535092917	0.13136997956683108	0.2658369224043269	0.14578612869505675	0.2614305201312042
A17C_Medtr2g040740_rep1	1.2381754185773757	0.0	0.5512288855659879	0.0	0.8059802720813865
A17R_Medtr1g043000_rep1	4.0783536516111	3.9291597594495515	4.029541229379716	3.943296242037256	4.044102636371122
A17C_Medtr6g462640_rep3	1.5489297694764	0.4778499916838651	0.8511993385932938	0.4446670668419076	1.0141172048436988
A17C_Medtr1g101015_rep2	0.8026757582314721	0.0	0.7378309516094597	0.14274017211608214	0.7398481026993274
A17R_Medtr8g016680_rep1	1.8981438442460183	1.359333746583111	1.6656959537772489	1.4448437269830563	1.7520349158838542
A17C_Medtr1g048630_rep2	3.023728483415763	2.1337826970352443	2.5864044748950623	2.0164963198961963	2.7123756728806727
A17R_Medtr3g111440_rep1	3.0267410522048737	2.3077199493000737	3.073077562535312	2.5289879817013468	2.9532031462200297
A17R_Medtr0110s0030_rep1	0.4197186553967521	0.16949747290432254	0.3165319543264188	0.08451787115627016	0.2285621885766544
A17R_Medtr1g107515_rep1	0.1974460642062172	0.01292617444427005	0.10835717809041852	0.0	0.05981671854179721
A17R_Medtr4g104430_rep2	2.0983970982993467	1.6179253327489869	2.0612001564367377	1.6962906334053385	1.9107326619029128
A17C_Medtr1g102230_rep2	3.029747343394052	1.8573175345314283	2.3357119103204607	1.9495971838871597	2.4548777638106345
A17C_Medtr1g067630_rep2	3.1821095937520116	2.2121542643918137	2.5105400169375134	2.101986172785737	2.875845579066814
A17R_Medtr3g463520_rep3	5.495780425768851	4.987684677566762	5.252312204852147	5.005684426344696	5.147388112681778
A17C_Medtr1g025950_rep1	4.5285088090659045	0.4750848829487829	3.990047219573794	0.0	1.9876846775667607
A17C_Medtr5g092700_rep1	7.004265418141061	6.7731172226277625	6.979834817786763	6.824971465456227	6.957585761614058
A17R_Medtr4g064987_rep3	2.738407568340113	1.8173503815808103	2.5025003405291835	1.8642026560910203	2.4198085289392752
A17C_Medtr6g036573_rep3	3.0749620576812218	2.457244059399533	2.793341026509775	2.4680619237807377	2.717064032983997
A17R_Medtr5g066840_rep3	5.014399930128137	4.813097084729966	4.92283213947754	4.735323594492732	4.980817437421288
A17R_Medtr3g079860_rep1	0.7125224149894187	0.2273303441521148	0.6768691580309804	0.08451787115627016	0.5163514003651423
A17C_Medtr1g014670_rep1	1.7245047580870836	0.13968777101181068	1.2487372202367717	0.0	1.6933196788115747
A17R_Medtr8g468760_rep2	0.8477297160660133	0.7116417383677749	0.8356546382575347	0.7547450067274407	0.8199406214239747
A17R_Medtr2g062610_rep3	6.467154467562118	5.740549842018031	6.297729452728447	5.893750501720568	6.395953923273447
A17C_Medtr1g043430_rep1	4.365972427593384	4.044714682639605	4.355650617278015	4.051343096704068	4.245546368207533
A17C_Medtr5g006740_rep1	0.9637207174360264	0.2485348361386787	0.5512288855659879	0.0	0.5798237774221835
A17R_Medtr2g036390_rep2	4.355462689893118	4.180810907065005	4.2696067182101185	4.097975918556701	4.242526291816552
A17R_Medtr1g111860_rep3	5.048279786754167	4.7645797056625865	4.903182918112721	4.736713100440205	5.023802396138366
A17C_Medtr7g086610_rep3	3.7139523688924863	3.2704791074944146	3.566003282835341	3.3339007365534385	3.6161224046466804
A17C_Medtr3g068125_rep3	2.824360542287712	2.295527125966663	2.5371303733912347	2.051372101721026	2.514080167797632
A17R_Medtr6g082700_rep2	3.4531224465958124	3.25055740066578	3.381698675977617	3.2804614775919783	3.358443150659094
A17R_Medtr8g104080_rep1	1.2493442022417518	0.8092772341886326	1.0703893278913978	0.8207576266600924	0.9978343327818856
A17R_Medtr2g461800_rep3	1.0026425193383754	0.0	0.4527711267253588	0.0917562433972772	0.7960439363674588
A17C_Medtr0034s0060_rep1	7.511765829004396	6.9496283083149875	7.428449509544027	6.7856595256752765	7.391403999317531
A17R_Medtr2g014900_rep3	0.14795788138710142	0.03186566588377629	0.10030490579568548	0.051024003024466885	0.11236652307256316
A17C_Medtr4g076430_rep1	4.920198006770575	1.0815668772028837	3.1882954143065385	0.0	3.1909835193929235
A17C_Medtr4g485530_rep3	0.5964581395589856	0.0	0.3862591411333461	0.057508036594665565	0.2769928634237135
A17C_Medtr7g088250_rep3	0.5045356501179464	0.0	0.31382629639039805	0.14012422390907067	0.4189994654312657
A17R_Medtr4g036685_rep1	1.4245638326734884	1.1722741464287885	1.3209659774519786	1.2049753682590385	1.2706286069892954
A17R_Medtr5g076380_rep1	0.8676329339817132	0.3580210974659457	0.6103850976010632	0.30412159787699306	0.4868001685789352
A17R_Medtr3g075040_rep1	4.930216927468546	4.6417001549400165	4.77118130950412	4.646239475934881	4.894930911423047
A17C_Medtr1g030450_rep1	3.5853231294046712	3.0696448884150374	3.4070807754505013	2.9096451148724918	3.380683278568641
A17R_Medtr1g069705_rep1	1.6867619627894122	1.3996268496413005	1.6116445433736617	1.4225918354171176	1.6615976011759026
A17R_Medtr3g085710_rep1	2.00611846138338	1.3798057689528918	1.8760421092123176	1.54399071966485	1.6851178656987869
A17R_Medtr8g087680_rep1	4.3598022605484825	0.0	2.5147534984397533	0.0	2.3243305851026665
A17C_Medtr5g015600_rep1	1.484911486910828	0.9602645674989959	1.3330420178767182	1.1263121303287038	1.3988975712024732
A17R_Medtr3g109380_rep1	0.9708536543404837	0.7334989644464269	0.9488499961065108	0.7404239139386172	0.9503439848912686
A17C_Medtr3g466410_rep2	4.272122750500713	3.8602675949199248	4.135534869761189	3.9327541235847567	4.0807145060016365
A17R_Medtr2g019345_rep1	1.6140030448649043	1.0088693004294813	1.5703010033036768	0.8370013153280501	1.3858911536193272
A17R_Medtr1g101870_rep3	1.751606541047959	1.6684217350789183	1.7398481026993275	1.619178216059069	1.717502786611249
A17R_Medtr3g076650_rep3	3.077186019330135	2.8574502510616617	2.9948210582813632	2.8934269331810962	2.9703628582680888
A17R_Medtr5g058700_rep1	0.7706176466562031	0.3118905721755506	0.6412377279770676	0.36550591342896654	0.5811101752255496
A17R_Medtr5g006340_rep3	7.724586611318827	7.0716375490870345	7.4449348089162815	7.051705617509693	7.3236072559152605
A17R_Medtr3g048920_rep1	5.634622307908742	5.241331744778479	5.484514119784605	5.236301266827087	5.547676029414532
A17R_Medtr5g092680_rep3	5.586104182439119	5.108231706344911	5.320580950750763	5.160947071782757	5.353676157751642
A17C_Medtr1g053160_rep3	3.4132330024320963	2.9618085147374766	3.1426857215474557	2.8956257695127032	3.1108643241321894
A17C_Medtr8g442650_rep3	0.2610292699434171	0.0	0.12961273813046964	0.0	0.15531748195172726
A17C_Medtr4g015610_rep1	4.4968883883417865	3.8110599477400804	4.475409193401061	3.986198535489613	4.327471805985408
A17R_Medtr5g086670_rep3	1.3255783006799926	0.4218740766755019	1.2588203968764118	0.6753643127491455	1.2151608521053718
A17R_Medtr5g018250_rep1	0.08814159686901757	0.0	0.05658352836636753	0.0	0.07724299893246035
A17C_Medtr3g107630_rep1	2.5161832834808537	1.741143354955316	2.41368433828464	1.9238464255134404	2.134440011212104
A17R_Medtr2g015590_rep1	2.602805246324869	2.279372240061272	2.5437433227610646	2.1965021322639977	2.4951834779083346
A17R_Medtr1g012910_rep1	2.804535478529288	2.291996395348414	2.8259212764744244	2.471187460386985	2.720059526763996
A17R_Medtr5g063310_rep1	1.212673088808845	0.903552508236656	1.0421773702443942	0.8752558279461177	0.9869569625244012
A17R_Medtr6g049260_rep1	5.592108156908264	4.26813492392489	4.803330377650608	4.367720513401451	5.04755292964155
A17R_Medtr4g007740_rep3	2.770617646656204	1.6918319040681031	2.1551015581257027	1.6308713830125765	2.237359760582001
A17C_Medtr3g047950_rep1	0.6894482685966817	0.3516283291027824	0.5782141654724542	0.3299846497584209	0.4895429356424735
A17R_Medtr1g026030_rep3	4.6532129178562185	4.3584431506590935	4.5257765695330905	4.418302408096339	4.590342525754153
A17R_Medtr7g092940_rep1	0.3855230722189664	0.05195207963472162	0.3261538056570632	0.17929871749595774	0.33685463912546515
A17R_Medtr8g081040_rep3	6.471485551873367	5.188849257297823	6.244576318659319	5.498176390197743	6.030725983028033
A17R_Medtr0180s0070_rep1	3.206799486647061	2.366252263699564	2.9247966714745663	2.161995141692492	2.66471037684349
A17R_Medtr8g090190_rep1	4.8010206585766495	4.6360251855265115	4.711953706158132	4.588224910519432	4.715289376344801
A17R_Medtr3g081440_rep2	3.2791245713440937	3.0632152950036624	3.1860779137156223	3.028981628572902	3.20659113266744
A17R_Medtr6g021940_rep2	0.1366288980542238	0.0	0.06947304012424334	0.0	0.12256229017845173
A17C_Medtr3g094690_rep1	3.0643655402636276	0.911499848861108	2.136738255267912	1.4072620982737003	2.5486832181571826
A17C_Medtr0085s0010_rep1	4.3375921707218925	3.9131606890296142	4.240797691134349	3.6596582135310185	3.999037882564617
A17R_Medtr3g080765_rep1	1.0556584273145415	0.4078059300477679	0.7177952149168798	0.12653240592893192	0.8302553241676829
A17R_Medtr5g061700_rep1	0.2638356805230329	0.035154664307528005	0.1924046087292567	0.0	0.21495370226785795
A17C_Medtr3g097420_rep1	2.843313913671353	0.6449330001127379	1.70206645660977	0.9043235219047202	2.295527125966663
A17R_Medtr1g022300_rep1	1.1061249402307376	0.0	0.6266727526059934	0.0	0.4453735776498027
A17R_Medtr3g005060_rep3	0.2967021185991888	0.0899500521868504	0.22321658305031453	0.08133962745193878	0.2797684215935949
A17C_Medtr1g031650_rep2	3.5788179804232554	1.4137745885139943	3.3397550074911035	1.051720116447328	2.350780100734856
A17C_Medtr3g085600_rep2	4.5183462921933915	3.663686179966083	4.218806994531787	3.939634061148765	4.361417466789213
A17R_Medtr2g460760_rep1	1.9489745542797707	1.2598248493579038	1.6375329665809002	1.3410369178350672	1.6851178656987869
A17R_Medtr8g061960_rep3	3.0189901753847526	2.09974404778571	2.5918389629730454	2.242958118561245	2.6218369859259054
A17C_Medtr7g094710_rep2	3.1228935507610296	2.491682100117446	2.8350482232207934	2.4459032337926505	2.778348773185612
A17C_Medtr7g060080_rep1	2.654741034767321	1.7272670107349122	2.3458694366936306	1.3213509014246163	2.58295736483078
A17R_Medtr8g018130_rep3	1.664937877441752	0.4386477144614892	1.3257701611817567	0.3440709779247004	0.8207576266600924
A17R_Medtr7g055600_rep3	0.6390777734967739	0.4973994688363177	0.6328885960899749	0.5317349424798598	0.581752944245266
A17R_Medtr4g107230_rep3	6.378378676479484	5.818023950484674	6.134706959574455	5.678466338113951	6.1300728479857325
A17R_Medtr1g114070_rep2	0.06488285158485439	0.0	0.05797006863732995	0.02242699930324244	0.04590888229141981
