gene	0	12	24	48	72
A17C_Medtr6g027840_rep1	2.532067552289031	1.6527541669781511	2.7680784350164562	1.4764680997765918	2.399535709994352
A17R_Medtr5g034180_rep1	0.8807508188748078	0.6879564940444819	1.034215715337913	0.7739963251111731	0.9360882361798072
A17C_Medtr7g113960_rep3	5.797817134005298	5.114797325923266	5.944132231464453	5.274535014264037	5.836942424493674
A17C_Medtr8g470840_rep1	2.1761099700674853	0.9922850348719944	2.5780531054621405	0.6882549723823393	1.9937347369275469
A17R_Medtr2g093200_rep3	1.8929738152733344	1.6786729028471732	1.9780735691002609	1.6367599423750352	1.8489316837696983
A17C_Medtr8g090095_rep1	1.1694974729043226	0.1643572238529242	1.2219801638566066	0.4038130616165897	1.094010807133014
A17C_Medtr5g034370_rep2	2.363451457071713	1.7899378689801946	2.4947569353037764	1.6347481388276228	2.4962918988447207
A17C_Medtr1g016330_rep2	1.085198013405477	0.6801743027546524	1.7172102990195959	0.7131092342128393	1.186077913715622
A17C_Medtr5g038540_rep2	3.5745859590814795	3.3503557994600297	3.8838488665822206	3.3067969042707954	3.63141475636307
A17R_Medtr5g024210_rep3	0.08678376614206666	0.0172092900322231	0.09040181202798936	0.01149563883782944	0.06304267908933701
A17R_Medtr3g108650_rep1	1.4157586665224977	1.2166100687424422	1.7422937148614877	1.104560316127235	1.5598996421945774
A17C_Medtr7g097200_rep1	3.7443764071208254	3.450661409009565	3.7327395275316846	3.361253687683984	3.5945087395352884
A17R_Medtr8g046310_rep2	0.01863417413905097	0.0	0.033746011592631395	0.0	0.023846741954367662
A17C_Medtr6g066230_rep1	4.831826583875324	3.835351462601338	4.992043276171658	2.9991581823387863	4.067782107395681
A17C_Medtr8g027700_rep1	1.9580383766812697	1.745595899309646	2.222701537155412	1.7070829917717063	2.048003624188511
A17C_Medtr6g022040_rep2	1.3410369178350672	0.8248357271072633	1.6816741417928334	0.4881722039090591	1.1163647566917847
A17R_Medtr5g024200_rep3	3.9478219806381327	3.703396061472505	4.187081490953334	3.6761921718944164	3.9282439730930334
A17R_Medtr2g097540_rep2	0.02856915219677092	0.0	0.04823618565284763	0.0	0.01673401575980127
A17C_Medtr5g005710_rep2	4.34827963943536	3.9635049504626574	4.893459293300895	4.005759269288685	4.528279583272974
A17R_Medtr7g113010_rep1	0.04823618565284763	0.0	0.08768912860722852	0.008152195763459078	0.043577818541604106
A17C_Medtr3g023270_rep3	0.9881696170808691	0.680774425492461	1.3116968568290506	0.4833643607133496	0.7737150705940743
A17C_Medtr7g114900_rep1	5.435728592553168	4.82954516169167	5.592576633972193	4.626789546375812	5.030689204071138
A17C_Medtr1g011980_rep1	4.012121672712217	3.9738561425020067	4.03928464511504	3.9692579562553534	4.003842066294394
A17C_Medtr6g037640_rep2	4.674291152054584	4.45575462218619	4.670462696678063	4.350355799460029	4.527716783683335
A17R_Medtr8g046010_rep1	0.05889368905356863	0.02526508882353685	0.06626144226872127	0.026209879322848628	0.05981671854179721
A17C_Medtr8g075340_rep3	0.5045356501179464	0.3950627995175779	0.5629953806659449	0.3621425508467185	0.5492584390394774
A17C_Medtr1g105570_rep1	3.803227036434928	3.502245724819921	4.2234740370619	3.3708617400852843	3.7675841800116836
A17R_Medtr3g089510_rep3	5.139387633034014	4.987684677566762	5.1711534407346615	4.990319571783185	5.096725694687775
A17C_Medtr0002s1270_rep3	0.7714630583656511	0.5843211603945736	0.9575432007571052	0.6440100690390047	0.7550299835265678
A17R_Medtr8g103500_rep1	0.8324174752518666	0.6626612554750942	0.870529119907312	0.6172984828408465	0.7756827017390598
A17C_Medtr2g084630_rep2	2.241535141795717	1.887785192378339	2.4508373367021052	1.873550747013832	2.2069557323872795
A17C_Medtr5g081550_rep1	2.164249940339888	1.835519901386936	2.749176678117081	1.5085976754411816	2.0505597407385974
A17C_Medtr5g067350_rep3	5.811325452104311	5.738506651135446	5.845188935340077	5.635086859838822	5.805902909095777
A17R_Medtr3g096610_rep3	3.579904210898127	3.1948750225552964	3.577489253787716	3.2133991296801465	3.482418077297904
A17C_Medtr3g019300_rep1	4.381929348481968	4.1517505997190485	4.386994834693852	3.986198535489613	4.392637986059912
A17R_Medtr8g027435_rep3	0.1609201881811032	0.0	0.2334790750430085	0.051024003024466885	0.12917309313517647
A17R_Medtr1g019250_rep3	4.883995451310786	4.776595333361501	4.914357224831195	4.7816219978706025	4.899497912407663
A17C_Medtr3g080190_rep2	2.4737869116143685	1.237767647223364	2.4775046427795493	1.1856551459350468	1.780869988461827
A17C_Medtr1g070940_rep1	3.0513140911039613	2.9384112654483068	3.099070730237293	2.79507424356738	3.010899163433092
A17R_Medtr0151s0030_rep3	4.467344700280561	4.273515889702116	4.4733323456219845	4.198022607617272	4.388442135949413
A17R_Medtr4g094262_rep3	3.5940309336497998	3.457725607110753	3.637146506253152	3.475733430966398	3.5418039111877184
A17R_Medtr8g104200_rep1	2.05866283937856	1.7741369318108495	2.223113588580102	1.5009719717948709	1.9035525082366558
A17R_Medtr6g069170_rep3	0.1609201881811032	0.0	0.19324607567693144	0.03280614508324147	0.1379406378392928
A17C_Medtr1g111590_rep2	2.8746658356458124	2.595264942037584	3.3880976720829286	2.3821138599339253	2.9759358355353487
A17C_Medtr8g089400_rep1	2.3652259325035048	1.4898854151790113	2.5247323641047736	1.4108837771955804	2.056699124299356
A17R_Medtr3g005730_rep1	3.515594720061774	3.345964030342872	3.8580473244092506	3.1519670256181778	3.5406059510568726
A17R_Medtr1g028020_rep1	0.039840264531791104	0.013879077412129235	0.06626144226872127	0.0	0.03421571533791299
A17C_Medtr5g064160_rep1	1.996027123425076	1.5540157525987268	2.002042371636019	1.3472876906082434	1.7404239139386173
A17C_Medtr6g068930_rep2	4.791675176866842	4.4954393429512844	4.8442015044565725	4.170539351838837	4.557369242028642
A17R_Medtr2g103730_rep3	7.119895634153568	7.015047013667876	7.222089681240186	7.013570197348129	7.100417051237919
A17C_Medtr7g100650_rep1	3.7253412611908856	3.3866730149227173	3.9220075066795017	3.4466532472862506	3.6847439458250175
A17R_Medtr7g010360_rep2	1.4088929789809428	1.085198013405477	1.4909123662539716	1.1409967337880311	1.2672361418124098
A17R_Medtr7g039530_rep1	0.6056523594883411	0.460829917792934	0.8445195644558522	0.3576458353905073	0.7624196905939553
A17C_Medtr1g108820_rep2	2.5371303733912347	2.0979478355348324	2.5461330509205373	1.898401859992193	2.1794048877900694
A17R_Medtr5g022795_rep1	1.0337460115926314	0.5827165611401951	1.1483918398926711	0.2493442022417518	0.6852674065168416
A17R_Medtr3g077120_rep2	2.217334131513419	1.8964656161894256	2.39716405600406	1.918004518597875	2.2025744425617986
A17C_Medtr5g090620_rep2	2.5038575325774293	2.2475224895664474	2.696587392645486	1.8851838663203508	2.4309096811419915
A17C_Medtr7g073640_rep1	0.9637207174360264	0.3153730079198265	1.3391373849195856	0.0	0.7530339627938597
A17R_Medtr2g070400_rep1	2.6974773042852305	2.6372238066009563	2.820417264037689	2.5563067842249767	2.720059526763996
A17R_Medtr8g030890_rep2	3.57535267394441	3.3799443585917266	3.60236977549904	3.418459837580992	3.487786450839484
A17C_Medtr5g007870_rep3	2.9934932210584155	2.51853513898218	2.9943986971697867	2.5941503999574063	2.7730820473838595
A17R_Medtr1g050425_rep1	3.609794353701092	2.9844678295536844	3.978134600681837	2.7357387819123464	3.4247429715625106
A17C_Medtr5g076000_rep2	1.3999913506641817	1.2614305201312042	1.6274511992017366	1.0876891286072283	1.4284997590854065
A17C_Medtr5g040250_rep2	2.0772429989324603	1.4517166535092918	2.382021607157676	1.051720116447328	2.2516686037070803
A17C_Medtr5g016630_rep3	6.536923229502285	6.3770485344822685	6.650233214102979	6.38752912683217	6.530486972296604
A17R_Medtr8g005245_rep2	0.8841420211471528	0.7592978942642625	1.2159891541467205	0.5724046473903315	0.9654456924961236
A17C_Medtr5g087500_rep1	4.0523289402867295	3.613492363302301	4.1630961384360115	3.472661057756975	3.755243679190556
A17R_Medtr1g028250_rep2	0.02856915219677092	0.0	0.04823618565284763	0.0	0.02998286621571431
A17C_Medtr7g084730_rep2	1.673405664280421	1.3070398681206916	1.7568809618738923	1.4200781159793738	1.5659220705838697
A17C_Medtr8g087950_rep1	3.7706528820368033	3.642971065350401	3.841235150325456	3.6748748998683496	3.7947970687267794
A17R_Medtr2g014125_rep1	0.2837242646009788	0.16949747290432254	0.3261538056570632	0.06901467791518046	0.2825386502012381
A17C_Medtr1g089500_rep1	3.0125090813990845	2.63063844605544	3.198022607617272	2.302952634916977	2.799225488636332
A17C_Medtr4g083390_rep1	4.206643223983395	3.2408231267436363	4.6532129178562185	3.309612772454123	3.7272306996205327
A17R_Medtr5g094960_rep2	0.1079110067428424	0.0	0.14578612869505675	0.03327615487429865	0.07633105513415044
A17R_Medtr7g113960_rep1	5.482213684608125	4.997427908008309	5.690826788076937	4.8156949654027486	5.6387110316039495
A17C_Medtr5g015600_rep2	1.5001221779074931	1.0944612973914405	1.6207427916824126	0.7868751166092643	1.6188650972209675
A17C_Medtr4g079460_rep1	1.838884553877278	1.0863308717604192	2.15618085423416	1.0052802073414344	1.4074433983104944
A17C_Medtr7g090060_rep1	0.8710550750866295	0.7245047580870836	1.0845178711562702	0.64554795964502	0.9825829469225904
A17R_Medtr4g051430_rep3	0.05334307608593645	0.023373649626505084	0.05704585653596705	0.0	0.04684025420297235
A17C_Medtr5g027095_rep2	2.1251000129803517	1.5827165611401954	2.228869985407653	1.6347481388276228	1.8569193116717744
A17R_Medtr2g086190_rep3	0.1609201881811032	0.0	0.3553922108121369	0.06120015643673761	0.20246996379571186
A17R_Medtr5g017350_rep1	3.851399254763625	3.3708617400852843	4.0571903037102	3.525860073326648	3.723012396392368
A17R_Medtr8g019280_rep1	0.1822685363027195	0.05195207963472162	0.18269229751619032	0.05148811595782087	0.14317570269777136
A17R_Medtr1g067710_rep1	2.8802283872048258	2.56527220794185	3.0072553133915627	2.258317908263868	2.7438739635083844
A17C_Medtr4g099140_rep2	4.718215476788125	4.310849046224615	5.128774549100009	4.490869591217547	4.812618017101308
A17R_Medtr2g071850_rep1	0.119466851355321	0.0445106960657926	0.18269229751619032	0.07678709908954856	0.12079428132864105
A17C_Medtr4g057530_rep2	2.283823021834196	1.9856218641706087	2.630327804930078	1.8066677607962736	2.3921342117757978
A17C_Medtr7g060330_rep1	4.050211445953768	3.829511335709772	4.513574963505944	3.7154175174591564	4.209089396647645
A17R_Medtr7g052650_rep3	0.2456984736786071	0.0899500521868504	0.3669982280599733	0.15618085423416014	0.22897256976016075
A17R_Medtr2g029990_rep3	2.0831566239652757	1.8238852009035325	2.2003787979840257	1.6097549621724434	2.1084686993706416
A17R_Medtr4g124850_rep2	0.04544297076116712	0.0	0.06947304012424334	0.0	0.023846741954367662
A17R_Medtr4g081050_rep1	3.3753175144319973	3.3147448563388884	3.400811141409352	3.2599754569308166	3.3513456417224536
A17R_Medtr6g004520_rep1	3.2753050941987687	2.9823395567843685	3.322072357178457	2.7438739635083844	3.318991628550694
A17C_Medtr4g103300_rep2	1.4804374767575994	0.7601499634144695	1.6962906334053385	0.6285403192627603	1.5862443266969863
A17C_Medtr8g075550_rep1	0.4467855621431224	0.11813819888300373	0.9089409708563052	0.0	0.7990873060740036
A17C_Medtr1g082570_rep2	2.1738736458803585	2.003722156470871	2.2877677779753767	2.044976908718384	2.151317650495036
A17C_Medtr3g073240_rep2	4.212154264391814	4.001261806201036	4.196449673487528	3.8553253201192637	4.035711876258653
A17R_Medtr8g041580_rep3	2.518115445876417	2.18966644665005	2.5392829085697985	2.000480818215045	2.3581148977352084
A17R_Medtr5g016070_rep2	1.9707309709745444	1.8554582200356111	2.0303360783709588	1.7849227015628608	1.9449833490620991
A17R_Medtr5g013940_rep3	0.3223127622782265	0.10969486482592984	0.3957940185098601	0.02290040211007883	0.2379715473072152
A17C_Medtr6g055360_rep2	1.3122779248536431	1.0036022366801955	1.794381206593449	0.6091245513951462	1.5520491113205783
A17R_Medtr0857s0010_rep2	0.14708957257913288	0.0	0.1957675357552203	0.0	0.07633105513415044
A17R_Medtr3g111380_rep3	2.1670367221174858	1.736821317448161	2.320869730409621	1.845188935340077	2.062812492405021
A17C_Medtr8g107400_rep1	4.5660641890239715	4.3809371949278235	4.771815167083111	4.274609556096091	4.675910000551945
A17C_Medtr4g071660_rep1	2.432157687310552	2.0616610077554265	2.749176678117081	1.7288637956692419	2.230510460366176
A17C_Medtr8g031900_rep3	3.1116434373501853	2.7477454329194493	3.392088405389457	2.4607425637896445	3.018396791161816
A17C_Medtr8g071900_rep1	1.6913852722991298	0.9679063702901468	1.7766655118871575	1.0792927672728538	1.4804374767575994
A17C_Medtr7g053110_rep3	0.4171999204294646	0.18396283484259515	0.5629953806659449	0.28214322878149845	0.4189994654312657
A17R_Medtr2g018030_rep2	0.037967850199020416	0.0	0.06947304012424334	0.0	0.023846741954367662
A17R_Medtr4g077550_rep3	2.2212584296778064	1.8314719328476985	2.2803624899737778	1.8786599561307367	2.1084686993706416
A17R_Medtr2g018570_rep3	1.5732129252090474	1.0767870990895485	1.6291623046316914	1.195977458642588	1.348043522997968
A17C_Medtr1g115500_rep2	8.556411532378531	7.984583654303198	8.975541344820495	7.684299790064721	8.227670489651768
A17R_Medtr5g056935_rep1	1.955436804909468	1.680024233056604	2.393873777639544	1.1993320773106062	2.037147904146322
A17R_Medtr3g062940_rep2	3.0106008332265053	2.8357220019743488	3.303147527864371	2.8409667044874216	3.097554615819122
A17C_Medtr8g086390_rep1	3.9569549585141854	3.305532832239292	4.075903382961508	3.500292176734166	3.8517323868317206
A17R_Medtr1g008160_rep1	3.9217536786531793	3.798361630401303	3.936685046642969	3.6987741089036814	3.9202297719500985
A17R_Medtr5g084850_rep3	1.1267526479018637	0.7530339627938597	1.2365436411763375	0.7798900393400472	1.0299828662157142
A17C_Medtr5g011040_rep1	9.228574213122924	6.673989770420474	9.263340413829964	7.063952276432419	8.465239873932457
A17C_Medtr4g087730_rep1	5.174832495036356	1.6822736410912538	5.401084301505005	2.534476682851201	4.033951525798175
A17C_Medtr5g029240_rep2	6.171433698785622	5.958981835255653	6.291499192635294	6.052372417874043	6.1806783222597055
A17C_Medtr8g013030_rep1	2.052184005531996	1.7053144410863783	2.4189095414719453	1.6013795799592765	2.1260918210909105
A17R_Medtr1g030860_rep2	4.155506388793366	4.0523289402867295	4.166581558367942	4.021183577344567	4.113589381589222
A17R_Medtr2g094910_rep2	0.1957675357552203	0.11192159013429832	0.33151414371656035	0.10924910704673436	0.1995414822084106
A17R_Medtr1g116875_rep2	4.649232222232657	4.5526639747531465	4.710466665982805	4.583799861367804	4.67872923355088
A17C_Medtr4g118400_rep1	0.6675137134140611	0.2485348361386787	0.8120189587707136	0.0	0.4792305612063362
A17R_Medtr6g014195_rep2	0.20539251298968486	0.10075343526949533	0.3568950182822838	0.0	0.1928254035523912
A17C_Medtr2g082180_rep3	2.9173044437909317	2.4284104253573435	2.9436088181496016	2.4167496832317616	2.898917753092949
A17R_Medtr4g050330_rep1	2.8463261535704363	2.616200839693912	2.9452955598968966	2.5727280128608974	2.725741156503952
A17R_Medtr1g093600_rep1	6.513717070095228	6.286560841818261	6.629254607732805	6.330116154350915	6.425000444751973
A17C_Medtr4g124560_rep2	2.7388398796975566	1.9561805899616296	2.7865266647946854	1.6424705373158217	2.102322191196686
A17R_Medtr5g040090_rep3	4.03928464511504	3.6205864104518777	4.075275901023272	3.6734056642804207	3.896207253896312
A17C_Medtr3g466180_rep2	1.3831282513241	0.7265406147471136	1.6515301176601458	0.9385994553358568	1.371651786836071
A17C_Medtr2g103660_rep1	0.3785116232537296	0.0	0.7737150705940743	0.0	0.3546402196348876
A17C_Medtr5g097420_rep2	1.881795115005016	1.0323359821196898	2.1588755672610347	0.5983652053236443	1.6031218698399965
A17C_Medtr4g057270_rep1	2.5135749635059432	2.0145933418252118	2.7656054649748336	1.6562675347942892	2.384970773976699
A17C_Medtr7g088070_rep2	5.010690338766186	4.727557466753789	5.106069090007519	4.793670498019088	4.915504966325097
A17C_Medtr1g116870_rep1	2.2715252787745226	1.6746113010712702	2.5599811941598287	1.7696307064480363	2.206539039470558
A17C_Medtr1g423960_rep1	0.5685185977925435	0.0	1.2304079853126202	0.0	0.6753643127491455
A17C_Medtr1g063870_rep2	1.6910874409518937	1.5401926306011338	1.8379432418910269	1.3196179342001613	1.670387156973834
A17C_Medtr1g059670_rep1	3.759262380459667	3.7057567820497965	3.805361252007148	3.7039127992827328	3.7637656535099215
A17R_Medtr4g109500_rep3	3.8894086425090153	3.6036362348925914	3.9866536395535617	3.5719194632455573	3.9097091109263933
A17C_Medtr4g005750_rep1	6.316918062997501	5.101047706971691	7.422112434609189	4.552438555253539	5.4906770878574465
A17R_Medtr2g062270_rep1	3.939226577728209	3.7588361466015145	4.0720200253360135	3.6565345063180494	3.8783329849259087
A17R_Medtr3g073730_rep1	2.3598959450863832	1.1976557430149417	3.2704791074944146	1.1249897699786635	1.9876846775667607
A17C_Medtr2g090620_rep2	2.213813846187749	1.516015147003665	2.3541700260248564	0.9617467885617952	1.7662417765368381
A17C_Medtr1g113830_rep2	1.9977139225626537	1.7704766965275298	2.147523792308788	1.7592978942642628	2.003722156470871
A17R_Medtr3g077000_rep2	0.11725175028928456	0.07541853452125538	0.13750352374993502	0.03327615487429865	0.09940742829185044
A17R_Medtr1g090700_rep2	3.104336659814736	2.8284961872868224	3.1174734135056523	2.7438739635083844	2.942170406952982
A17C_Medtr6g046750_rep1	4.244278198578144	3.0945738979800548	5.070718476709582	1.7568809618738923	3.4633172860330106
A17C_Medtr7g105460_rep1	0.9234661518107008	0.20622644078220434	1.1669296376831528	0.0	0.5894439178085927
A17C_Medtr2g008400_rep1	1.1824804324683185	0.529404524230844	1.3251945031143106	0.3299846497584209	0.766383141001298
A17R_Medtr5g005100_rep3	6.793015816371579	6.519211637053584	6.878852017162247	6.598613335789852	6.6593109401222526
A17C_Medtr3g084340_rep2	8.603272736288844	7.996373680631268	8.661573849942554	7.816691429261935	8.690946647702825
A17C_Medtr4g127840_rep3	4.919832656927555	4.670745935347533	5.219362157807716	4.427337988927444	4.827920619282401
A17R_Medtr8g013650_rep2	3.429660594448476	3.3683493061360728	3.4909123662539714	3.371698246703747	3.446565030639477
A17C_Medtr3g084310_rep2	7.687340687378304	6.9732094505776026	8.112343932128638	6.7280021142355455	7.581223182714624
A17R_Medtr2g075405_rep1	2.1210154009613658	1.7741369318108495	2.203827597942124	1.5128168252017469	2.077926578685069
A17R_Medtr4g115150_rep3	0.7057567820497971	0.18142064028014168	0.8991756304805131	0.2562055428274929	0.4671055465227184
A17C_Medtr2g020060_rep1	0.32845353256414944	0.0	0.8234776407404879	0.0	0.3452071074289249
A17C_Medtr1g090770_rep1	2.6014588206173523	0.8147554828098739	2.6795739302778694	1.0155451446246293	1.904451984131856
A17R_Medtr5g018470_rep1	1.6638759009190929	1.4667576157261717	1.9191493632876744	1.4058108771872788	1.631181907129334
A17R_Medtr1g050550_rep1	0.24812998275005616	0.10433665981473553	0.25419088666866513	0.03562390973072122	0.16005964831610833
A17C_Medtr7g013180_rep3	0.6440100690390047	0.4164794734527503	0.7340773148413798	0.5035183542425203	0.6653927710418912
A17R_Medtr3g011940_rep3	0.05334307608593645	0.03186566588377629	0.07815436664494682	0.02290040211007883	0.04684025420297235
A17R_Medtr5g028420_rep3	1.225274929869569	1.0888200332985851	1.219091058246197	1.0386702903853662	1.2188844720009968
A17R_Medtr1g022485_rep3	5.644096618913001	5.12690404475713	5.750490384291233	5.157124576435272	5.370722275148166
A17C_Medtr1g101020_rep2	1.2217739909315126	0.775963572963716	1.7217372065516312	0.4991017640673183	1.2551985664196899
A17C_Medtr8g076077_rep2	2.423578170981797	1.3070398681206916	3.0806008184491054	1.6182386555954549	2.033980882580678
A17R_Medtr4g101100_rep2	2.648081900544425	2.107576287656799	2.9743457518193566	2.241535141795717	2.4618777534818164
A17C_Medtr6g092160_rep2	1.2523752875521623	1.0036022366801955	1.5489297694764	1.0876891286072283	1.3015876466031868
A17C_Medtr4g088450_rep2	3.5927161509308534	3.0328061450832418	3.8021932169418253	3.0710189383217266	3.635793079282506
A17C_Medtr3g071610_rep3	3.681636664813941	3.0498630670634626	4.040278760337997	2.423309237242387	3.3438341716209843
A17R_Medtr5g083750_rep1	3.408892978980944	2.8960780553970644	3.7803800971046138	3.1006973767106536	3.3569888917924766
A17C_Medtr3g101610_rep2	3.235267529641184	2.4356285940520905	3.833598532457736	2.699107384624001	3.0151288081640386
A17C_Medtr5g072930_rep1	3.525150136974484	2.4469619630776083	5.1017481123844615	2.3708152532709006	3.702583670785816
A17C_Medtr4g127680_rep2	0.3572704756795594	0.0	0.7057567820497971	0.0	0.2982672883115755
A17C_Medtr3g083250_rep2	1.6149453669368707	1.1694974729043226	1.6207427916824126	0.9774631112394668	1.4972291287876058
A17R_Medtr8g100045_rep1	2.1436111018382085	0.6959938131099002	2.269332429734163	0.4081683707081063	1.9464813452588696
A17C_Medtr3g088795_rep2	2.5147534984397533	1.3877301532831086	2.7708995056081376	1.2690331464552371	1.7662417765368381
A17C_Medtr6g007603_rep2	2.7463127664254587	2.101201825340203	3.3093702415565383	1.9971117206751736	2.796459319557877
A17R_Medtr2g035830_rep1	3.3257701611817567	3.165215204871901	3.3331374563076657	3.150018022714734	3.263435098807037
A17C_Medtr7g107330_rep2	1.6476982560691191	1.371094151691247	2.047422056461488	1.2003787979840264	1.4972291287876058
A17C_Medtr2g028140_rep1	0.8191231532516323	0.5958218903575427	1.063042679089337	0.4868001685789352	0.6753643127491455
A17R_Medtr7g038690_rep1	0.5597365244329826	0.367743806909068	0.7095847331743588	0.449605392097058	0.5811101752255496
A17C_Medtr3g113720_rep2	4.61612240464668	4.032806145083241	5.061733002477752	3.881664619320345	4.76220705529805
A17C_Medtr1g080330_rep3	3.8641035846358935	3.635793079282506	3.914341277546389	3.5231855517306037	3.795940071880003
A17C_Medtr7g101070_rep2	5.132014679787416	4.435717481950882	5.6107492691323335	4.578274558341035	5.101313901086297
A17R_Medtr4g129290_rep1	0.4674533934299825	0.13837761953001482	0.5082596098178682	0.19660704409481766	0.3497426994514055
A17C_Medtr1g105900_rep1	2.5105400169375134	2.2877677779753767	2.7533192777440405	2.327974725005777	2.6335862055256234
A17C_Medtr3g098520_rep3	2.480178936980756	2.143937564982929	2.6413148094314653	2.150451362070965	2.312568371126655
A17R_Medtr1g075330_rep3	3.3171110785895865	3.1120328362338165	3.3880976720829286	2.983312871067121	3.194454825212714
A17C_Medtr2g046620_rep2	1.5589206588675597	0.9428585216738772	2.0107798387532423	0.7250867246302268	1.5408538865040309
A17R_Medtr7g080980_rep1	6.7180601768795025	5.995039732413101	6.733535118139392	5.774418104105813	6.315439431038487
A17R_Medtr7g446310_rep1	1.0217166037004324	0.8092772341886326	1.0781543666449471	0.8084536997503885	0.9194036498911156
A17C_Medtr4g068475_rep2	3.179351803619669	2.9405426480985155	3.2454956628199207	2.9153296760130094	3.0208281170008946
A17R_Medtr1g022505_rep1	3.8687526042287472	3.7561693281392974	4.012747435047289	3.718416428327907	3.8242926459636815
A17R_Medtr0336s0070_rep1	0.14839183989267116	0.0	0.2041407167802252	0.0	0.12829340100981754
A17C_Medtr0006s0250_rep2	0.8183052216181449	0.33113192221720217	1.1690698176348835	0.15488560197817128	0.6717462668632227
A17C_Medtr6g037060_rep2	0.19198369113593133	0.0	0.4070807754505008	0.0	0.20497536825903864
A17R_Medtr2g011490_rep3	4.839018976895393	4.306043456200442	4.786265270691972	4.1630961384360115	4.592197877059123
A17C_Medtr5g018470_rep2	1.8562553625409568	1.1005291879633952	2.1671437986040374	1.051720116447328	2.011853405743789
A17C_Medtr2g032630_rep1	4.586384457342482	4.03928464511504	4.951432377205408	4.157232391104423	4.387684206849534
A17C_Medtr4g125960_rep2	2.6836964543065163	2.296702118599189	2.6810743932741614	2.257111221047032	2.6653927710418914
A17R_Medtr0018s0230_rep2	2.186817459357112	1.9148196194261555	2.598365205323645	1.986471615155353	2.2479275134435857
A17R_Medtr1g031060_rep2	0.1366288980542238	0.0	0.2302030133664215	0.0	0.12256229017845173
A17R_Medtr3g026210_rep1	2.07450543636363	1.918004518597875	2.3107278897425294	1.9020092436492504	2.206018004020896
A17C_Medtr8g028725_rep2	4.032541697270038	3.0702175682577777	3.9763330827823724	2.699107384624001	3.2961636990964336
A17R_Medtr1g015120_rep3	2.518115445876417	2.2387868595871163	2.6001111371556056	2.1059015263641063	2.3711871058513183
A17R_Medtr4g074200_rep3	0.5916794169357371	0.5247323641047739	0.666908047980779	0.4970587686243462	0.5730513058686121
A17C_Medtr1g103570_rep3	3.896497908223066	3.667778612106852	3.9687666169433635	3.610385097601063	3.958811748973056
A17R_Medtr1g112900_rep1	2.693394027289567	2.3077199493000737	2.879509734616671	2.344828496997441	2.629861717792417
A17R_Medtr2g102283_rep3	4.2606780844606185	3.8897979988556273	4.292487291620764	3.9897748159400015	4.099772095865205
A17R_Medtr6g086820_rep2	0.267835392097615	0.0	0.4615285594728771	0.0	0.2638356805230329
A17C_Medtr4g009510_rep1	0.8046043110415693	0.3762903833370516	1.1596291858212278	0.0	0.42939279225591387
A17R_Medtr1g072260_rep3	0.8615584195720287	0.589124277829244	1.0188715180633978	0.5317349424798598	0.8131141913462892
A17R_Medtr3g104400_rep3	5.3011486259452685	4.5317557328396365	5.399729374862479	4.017209290032223	5.203057558458747
A17C_Medtr1g045890_rep1	3.611211732890829	3.4092098806935605	3.9592755734305216	3.1614577650554114	3.601696516480957
A17R_Medtr8g102220_rep1	0.2837242646009788	0.05195207963472162	0.4802651220544629	0.07678709908954856	0.2285621885766544
A17C_Medtr4g031235_rep2	5.044335827472109	4.8428280195463405	5.457003225255764	4.804501061041581	5.143719931094918
A17C_Medtr7g117980_rep1	4.514353746272971	4.375595543926187	4.848230657647068	4.031601045607537	4.675910000551945
A17R_Medtr1g484960_rep1	1.4088929789809428	1.144481506112507	1.3858911536193272	1.098958480088169	1.2644363446247868
A17R_Medtr4g123930_rep3	3.0591821992116923	2.9216267478910973	3.352193537745032	2.8479969065549504	3.09834094810412
A17C_Medtr2g101270_rep2	4.262433157631349	3.870529119907312	4.281994917803122	3.948849996106512	4.083468689909837
A17R_Medtr8g015230_rep2	3.985227166729697	3.85409541516792	4.0703320769522495	3.790667793124725	3.981213342970905
A17R_Medtr5g022050_rep1	2.8393549796546487	2.6363732748910427	2.8875252707415875	2.531818102121402	2.804948424350509
A17C_Medtr2g090635_rep1	2.993915847300112	2.7659590060457546	3.2598248493579036	2.403449525003632	3.0641930619274924
A17C_Medtr3g091620_rep2	0.40671806142196826	0.30022136559919504	0.6584019249725039	0.20664322398339527	0.4809544173570588
A17C_Medtr7g103250_rep1	3.6717462668632233	3.4248773111334208	4.247243969677383	3.294547233895515	3.842543108957373
A17C_Medtr2g014900_rep3	0.24285652389616355	0.0	0.31382629639039805	0.0	0.09761079662642234
A17C_Medtr7g033490_rep3	4.707082991771706	3.8873302987782	4.846844293959455	3.8278867551889566	4.73950610600679
A17C_Medtr4g126970_rep2	3.6205864104518777	3.3296020227727836	3.7120821438784617	3.1916152874755173	3.5184092438696704
A17C_Medtr3g117880_rep1	2.6346707057148167	1.2785795504584234	2.807904415509644	1.7999162029890143	2.355298233347954
A17R_Medtr8g083240_rep2	0.5170236720645807	0.42689090502263294	0.5574509371525851	0.2990492368623653	0.5353894396440659
A17C_Medtr8g093100_rep2	2.0404248959945432	1.7936878365407465	2.147523792308788	1.6587065802457066	1.9644602450255075
A17R_Medtr5g059080_rep3	1.1953475983222193	1.0445106960657926	1.3368546391254654	0.8802283872048262	1.1383776195300148
A17R_Medtr4g021210_rep2	0.2566081366743607	0.13881446890228188	0.33151414371656035	0.15142589998230446	0.22239242133644802
A17C_Medtr1g090807_rep1	0.3060677671197664	0.10388924314472414	0.4816433834832802	0.0	0.3157594268429587
A17R_Medtr5g007940_rep3	1.7601499634144695	1.5101179911802587	2.085084678628649	1.3664387909531546	1.8587767453081927
A17C_Medtr5g006350_rep2	0.6403124291484129	0.0	0.7977047520238847	0.0	0.6480051798104931
A17C_Medtr1g116060_rep2	3.1959774586425875	2.5203803395650666	3.26703633639129	2.4251011826235414	3.167197333867264
A17C_Medtr3g029580_rep2	2.3603642765434705	2.0979478355348324	2.7123022962287795	2.0598167185417973	2.5247323641047736
A17C_Medtr1g077740_rep1	4.682704377390582	4.431132618580183	5.068986025441253	4.486113661289801	4.794710440667207
A17R_Medtr3g014200_rep1	2.549504892083533	2.2636354035683297	2.7629865648805763	2.204245074626189	2.6121165522248826
A17R_Medtr1g054735_rep3	0.21950414201162155	0.0899500521868504	0.22321658305031453	0.01578299724092746	0.1665012204444029
A17C_Medtr8g076900_rep3	4.773767809992763	4.2029400586702765	4.933588374377656	4.262884117272703	4.574626322655404
A17R_Medtr8g073710_rep2	1.4900566244643114	1.0470730032622642	2.0900630054099176	0.8686867653221351	1.6551991543925175
A17C_Medtr2g028550_rep2	3.9253032135173855	3.259473370533013	3.971589535530062	3.014950341465972	3.5266948455419755
A17C_Medtr7g089190_rep2	2.6048620581588606	2.0705038229544237	2.740567830846402	2.1968168448718752	2.5526229920092782
A17C_Medtr7g006570_rep3	2.5591654669861743	2.1267526479018635	2.6707648159485013	1.963227488357414	2.251870548701936
A17C_Medtr7g093010_rep2	0.6403124291484129	0.2558028366027179	1.0628124924050213	0.0	0.7204244057565297
A17C_Medtr4g102860_rep1	4.3407284138732445	4.1255409007646335	4.526110555711829	4.14746952198919	4.290399827902352
A17C_Medtr3g110890_rep3	0.6953999892526219	0.16735792773851413	1.1744064185297491	0.3621425508467185	0.6562675347942892
A17R_Medtr1g492850_rep1	3.6239448769962017	3.5189547100309087	3.7238497649934814	3.425325019379593	3.644625422019496
A17R_Medtr7g111960_rep2	1.7864569643313102	1.5647846187835257	1.8541286696319648	1.5652722079418502	1.7422937148614877
A17C_Medtr8g036075_rep3	0.4171999204294646	0.16735792773851413	0.4428992746333535	0.2120504771149888	0.3983503703459648
A17R_Medtr5g096090_rep3	3.7635178073069087	3.5083018723533064	3.8943004017439296	3.5351820456208967	3.651606651176032
A17R_Medtr5g054950_rep3	4.562568075234041	4.19925354263711	4.5547934747601575	4.190772868537883	4.4301068209964924
A17R_Medtr1g040355_rep2	4.9168428450427015	4.780310099043375	4.9299329882743805	4.700014245331883	4.813097084729966
A17C_Medtr8g073920_rep1	5.847378953436179	5.613777188776528	6.021065100294251	5.679254880749825	5.827929085181563
A17R_Medtr6g016600_rep1	1.0217166037004324	0.7142821570749167	1.1483918398926711	0.7798900393400472	1.0484687096344758
A17R_Medtr5g091980_rep3	0.09985623683206657	0.0	0.13312508323936062	0.0	0.06304267908933701
A17C_Medtr3g110650_rep1	4.007494536546925	3.873780394551837	4.085622939541056	3.841235150325456	4.044714682639605
A17C_Medtr4g031820_rep1	7.6543758665118995	7.182523470074309	8.162747132869741	7.1458404623751655	7.52465662981966
A17C_Medtr7g103590_rep1	2.410612466420754	2.137831371732459	2.5953445192482767	2.141214778833544	2.3914927899807217
A17R_Medtr3g109730_rep1	0.5176956306425826	0.3196179342001613	0.6768691580309804	0.18861192205015148	0.4099792094558148
A17C_Medtr4g080823_rep2	0.3391373849195853	0.0	0.4464326955543782	0.119466851355321	0.2658369224043269
A17R_Medtr7g069410_rep2	0.22568624706148985	0.08859392326898838	0.4207967685675287	0.09850939213407127	0.24000896473507025
A17R_Medtr8g027440_rep2	3.6872473604034095	3.5530737381735573	3.8580473244092506	3.475171372864632	3.6222666210004792
A17C_Medtr7g117200_rep3	0.358396261956654	0.18396283484259515	0.5756350451593986	0.1535891857990763	0.5123111782402459
A17R_Medtr2g098400_rep2	0.09581192477130482	0.0	0.1957675357552203	0.0	0.152724260688704
A17C_Medtr1g080320_rep1	1.8193956941121552	1.6628131420932148	2.0275079568264602	1.4922804982113045	1.969012307516316
A17R_Medtr0034s0190_rep3	0.9639672687552436	0.3033423944873308	1.1522916036031736	0.2789759497028154	0.6430865471633058
A17R_Medtr2g047845_rep3	2.5577776713949256	2.1519670256181778	2.7166983030048817	1.9458573691923595	2.681824039973745
A17R_Medtr1g057130_rep1	1.3714659324022052	1.244481180645435	1.3912178076028974	1.129392932379928	1.3173040683619148
A17R_Medtr5g071400_rep2	0.8302553241676829	0.6335087100221055	0.9150746702605316	0.6464699077268088	0.7968745831848913
A17C_Medtr0421s0020_rep2	0.7381192887825767	0.0	1.4571564879988026	0.0	1.1416507700852423
A17C_Medtr3g104990_rep1	1.5014816079641586	1.0426443374084935	1.4443136816494762	0.7169177521178758	1.273416424360915
A17C_Medtr2g097700_rep1	2.040775561187492	1.4409521980296367	2.274907684915658	1.4497814486035778	1.7453090526955408
A17R_Medtr7g081050_rep2	0.06488285158485439	0.0	0.15833702716710066	0.0	0.08361051575473298
A17C_Medtr8g088410_rep2	3.428276414392509	2.8927148268441507	3.8081104216083137	2.54794331129035	3.37420486033972
A17C_Medtr2g017680_rep2	5.646037817920685	5.226970857978278	5.736686044919826	5.382090797292896	5.544732655932624
A17C_Medtr2g017530_rep1	0.3785116232537296	0.0	0.9292860292007054	0.0	0.3345682756661329
A17C_Medtr4g021410_rep3	5.770820238343573	5.6119002340040005	5.882520781889343	5.554404666085854	5.86036693013812
A17R_Medtr6g461910_rep3	2.776805858697997	2.3621425508467184	2.896853072896707	2.3560498817092816	2.5259018234110333
A17C_Medtr1g091840_rep1	0.5453094537977029	0.0	1.1669296376831528	0.0	0.7530339627938597
A17R_Medtr4g124090_rep1	3.146437997841273	2.958224023844014	3.134494773877597	2.8104431038451745	3.118525848935668
A17C_Medtr1g043200_rep1	0.5453094537977029	0.2904244038652997	0.6897464384935557	0.33951749163786626	0.4506614090095652
A17C_Medtr8g041660_rep3	0.06534252819887196	0.0	0.06442302846035976	0.0	0.06304267908933701
A17C_Medtr8g101560_rep2	2.5147534984397533	2.2382773434098664	2.7477454329194493	2.3416062903508656	2.533812496827667
A17R_Medtr2g080270_rep1	5.855657546958011	5.783482846842897	5.99212638529451	5.740549842018031	5.91996768830011
A17R_Medtr4g113750_rep1	2.8113340159477596	2.066031768616897	2.7523917977758137	1.8170774540278043	2.3941482542946293
A17R_Medtr3g069960_rep3	5.064063689641984	4.511531291793178	5.04563226546747	4.47748305572792	4.989895890571622
A17R_Medtr1g112940_rep3	2.8539291313488664	2.3324692546689483	3.4208865749755315	2.146655222119465	2.6649378774417523
A17R_Medtr3g067890_rep3	0.02856915219677092	0.0	0.048701196145475835	0.01006368334469748	0.021953441104049124
A17C_Medtr4g094608_rep1	1.771603912165215	1.4350951516200972	1.9680292940784792	1.2289725697601608	1.646623508476583
A17R_Medtr4g055510_rep2	0.4146767804268861	0.11192159013429832	0.6939143593809547	0.2598248493579038	0.3855230722189664
A17C_Medtr8g031030_rep2	4.333328314231067	3.789729251375769	4.2899819724667205	3.5220557491609643	3.950623935633687
A17R_Medtr4g057845_rep2	1.5233946773692622	1.2902277844386392	1.8714494156770003	1.1788739581697951	1.441660529965255
A17R_Medtr5g008620_rep3	1.1451339648743124	0.993251664751298	1.441483479582645	0.8581136506415168	1.237971547307215
A17C_Medtr8g010670_rep3	0.5203803395650666	0.3950627995175779	0.5629953806659449	0.4143159713613844	0.4847396659089111
A17R_Medtr8g074810_rep2	0.3957940185098601	0.2509615735332188	0.4414834795826449	0.2598248493579038	0.4150374992788437
A17R_Medtr4g083140_rep2	1.904451984131856	1.5454742108401809	1.9867143092497748	1.3684890006451036	1.6066001499795997
A17R_Medtr4g072140_rep1	0.1656440041144361	0.0	0.1924046087292567	0.026209879322848628	0.11147651993459733
A17R_Medtr4g120880_rep1	3.3438341716209843	3.2565578185870256	3.4116974035208703	3.2341436170170783	3.3792974930104163
A17C_Medtr2g026575_rep2	1.6031218698399965	0.7349444059468495	1.7666658283816261	0.8270060096389769	1.4180999735130515
A17R_Medtr8g080890_rep1	1.3246186152585275	0.9730601728040841	1.479575497260792	0.8859647567539704	1.2758017019076715
A17C_Medtr1g025220_rep1	2.9805128207438005	0.4457267033499842	3.073877345979112	0.0	1.6424705373158217
A17R_Medtr5g018110_rep1	3.061718603820703	2.639695233399582	3.227176289617357	2.471187460386985	3.0627549399948846
A17C_Medtr3g078320_rep3	0.8213020398895298	0.5843211603945736	1.083156623965276	0.5443205162238105	0.9221978483963672
A17C_Medtr1g095070_rep2	7.907914145163944	7.3810093221065305	8.29082216903821	7.406984438430607	7.724586611318827
A17C_Medtr7g069930_rep2	2.013283586818423	0.8945267702573945	3.2227015371554124	1.100977647724821	2.624646823509198
A17R_Medtr3g104555_rep2	0.6154162972628701	0.4819877432034708	0.7418624373810534	0.36401205355861466	0.6129028906325817
A17C_Medtr1g052515_rep1	0.8046043110415693	0.5594102335708231	0.8639384504239714	0.6372238066009561	0.8059802720813865
A17C_Medtr5g036455_rep2	1.2680350868921602	0.0	1.4063552561790431	0.15488560197817128	0.6072316645621889
A17R_Medtr8g077540_rep1	4.152507948364903	3.8293083631616534	4.252122940200434	3.733390497931178	4.000030055833605
A17R_Medtr3g086790_rep3	6.067129565397132	5.628229225991284	6.131987251603593	5.331514143716562	6.168588553879497
A17C_Medtr5g083050_rep1	4.0880284931065916	3.7364605625162	4.270553859178344	3.7031745457404286	4.041330606820623
A17R_Medtr5g059210_rep3	6.480733663303404	6.315439431038487	6.522102841936946	6.161907831608268	6.3770485344822685
A17R_Medtr5g089110_rep3	4.392363221894362	3.92318088074018	4.716753168412634	3.8719750355173663	4.171313594858775
A17R_Medtr7g031310_rep3	4.271201544913971	4.006986139918524	4.328142325727661	3.999037882564617	4.198389378952891
A17C_Medtr6g471020_rep2	2.2522743539080947	1.4662355621504046	2.3357119103204607	1.7428685510244426	2.1826922975161898
A17C_Medtr7g075740_rep1	0.8710550750866295	0.6050201530624095	1.2391943430076728	0.3822061068114713	0.7590137593463793
A17R_Medtr3g098600_rep1	3.1197435000054026	3.0302183505940867	3.2460533240919007	3.0462000006088696	3.1220652566455627
A17C_Medtr4g022290_rep2	3.813593094268824	2.8901223822276263	4.731653923707341	2.1430668323780657	3.782093989563793
A17C_Medtr1g088765_rep3	1.5390347029707545	0.8599695482210259	1.5377102181029836	0.9360882361798072	1.3516283291027824
A17R_Medtr3g067940_rep1	3.6555426486698246	3.2081530545531916	3.632229432853483	2.8495990111514513	3.564947166813768
A17C_Medtr4g063490_rep3	5.7533192777440405	5.628229225991284	5.932439186553471	5.639328648455192	5.762295657146697
A17R_Medtr7g110790_rep3	0.6666051198870908	0.22115529531447306	0.6939143593809547	0.051024003024466885	0.4671055465227184
A17C_Medtr2g105430_rep2	5.0843477854813175	4.865852846192572	5.207944895978233	4.828868491319335	5.11583784610345
A17C_Medtr4g053420_rep3	0.8213020398895298	0.5343936763185192	0.87263179113525	0.5551617231879145	0.766383141001298
A17R_Medtr3g073480_rep3	2.8696082367058247	2.3537937607711394	2.8890191810540573	2.269930810099809	2.642470537315821
A17R_Medtr4g124600_rep3	4.520338429386236	4.277240898332067	4.709566353839991	4.134084003208788	4.504747496499569
A17C_Medtr7g098650_rep2	3.20267891376217	2.5982063794258803	3.18083742256397	2.365785840029636	2.772800614553728
A17R_Medtr8g006640_rep1	0.4850832874517738	0.3118905721755506	0.4888577325705152	0.119466851355321	0.4534736809349519
A17C_Medtr2g007030_rep3	1.790355013710841	1.6404666868380429	1.9233393716321503	1.6045458163687107	1.7295890231720163
A17C_Medtr3g118090_rep2	3.668383912250889	3.422546985955984	3.8229680285741288	3.3386621106471632	3.702288142533461
A17C_Medtr6g075030_rep2	2.6611415091627606	2.166072675946706	2.9823395567843685	2.2529807411698712	2.494159563712844
A17C_Medtr5g010010_rep1	3.728319635696653	3.0638480433820496	3.895173341791944	2.9153296760130094	3.2934685833474067
A17R_Medtr5g009310_rep1	3.66148359168957	3.158013806589768	3.9660304836073528	3.3989431619067347	3.777752842725678
A17R_Medtr4g036440_rep3	2.447843644362085	2.2333768106416976	2.4207967685675293	2.1433934186931882	2.3163388612335933
A17R_Medtr1g097400_rep3	2.214332074233441	1.894526770257395	2.2762981387319807	1.8581136506415168	2.1209048453813364
A17R_Medtr5g032520_rep1	3.3479962950729	3.1705660567920684	3.599516170465935	2.914883386362049	3.4700595753410215
A17R_Medtr2g010810_rep3	1.1953475983222193	0.8453227722566243	1.1982845966569606	0.6430865471633058	0.9520850186835011
A17C_Medtr3g102450_rep3	2.0749620576812218	1.6728024678502316	2.3803600476460987	0.9740397654683636	2.0705038229544237
A17C_Medtr4g085590_rep2	9.114179595696543	8.56785089486787	9.15372512784003	8.121115584638424	8.624772309205671
A17C_Medtr3g112000_rep1	3.1823744882758063	2.1086917160724137	3.7635178073069087	2.350780100734856	3.3382342298917567
A17R_Medtr3g053190_rep1	3.0142362538218483	2.6372238066009563	3.296799991469272	2.0598167185417973	2.950779440353955
A17R_Medtr5g074770_rep3	0.09985623683206657	0.03186566588377629	0.12212049105054995	0.0	0.12167855658825248
A17R_Medtr7g057520_rep3	1.2095573399031392	0.16048998241054102	1.2420435089178206	0.13531596451217093	0.8968530728967068
A17C_Medtr1g113010_rep1	2.2787777636951008	1.7546024972157046	2.5067373334156544	1.9507172404772124	2.248028751648665
A17R_Medtr5g007870_rep1	2.823817282204704	2.603754908481521	2.979171742737081	2.4809544173570592	2.7290814022018783
A17R_Medtr4g022850_rep1	3.4220086836428867	3.1752052087837463	3.5838800734795164	2.854926546898623	3.4598250272769815
A17C_Medtr8g005255_rep3	0.6288513454665928	0.4615285594728771	0.7204244057565297	0.3516283291027824	0.5910410562877602
A17R_Medtr1g080600_rep1	0.5597365244329826	0.444313681649476	0.6768691580309804	0.42259183541711737	0.5603888848514637
A17C_Medtr3g102800_rep1	3.7706528820368033	3.446565030639477	3.963196655940395	3.554875315867559	3.848864934051183
A17R_Medtr7g108620_rep3	3.121402278787969	3.002822514976989	3.1752052087837463	2.9213728528592684	3.0962618530584036
A17R_Medtr8g092620_rep1	3.576239940295186	3.393278899016205	3.6495388198410543	3.314503186733337	3.4598250272769815
A17C_Medtr3g073730_rep3	2.678297308603588	0.8700029729135559	2.8495990111514513	0.6647862143624125	1.8245642120898269
A17R_Medtr8g098595_rep1	5.767186888071801	4.748425451433309	6.097982939226752	5.135466465438848	5.563320861782022
A17C_Medtr1g051230_rep2	2.349082146391089	1.8541286696319648	2.367836977178781	1.6241788971174356	2.4088929789809432
A17R_Medtr8g099975_rep1	0.5736976746253419	0.3296020227727833	0.6198042499334571	0.25701061820602394	0.6024885533061698
A17R_Medtr5g010010_rep2	3.481772528010875	3.2764470364743565	3.484653747733565	3.0189901753847526	3.4096172234945907
A17R_Medtr5g082490_rep3	5.77352167630252	5.464820717663443	5.9361903396851785	5.3867764648211205	5.577247535593151
A17C_Medtr2g028470_rep1	3.1588217222971053	2.9772799234999163	3.7608951113302114	2.6831724232037337	3.295086256894832
A17R_Medtr7g024860_rep3	1.5778920274693542	0.07952033964352635	1.6738578961552557	0.18565514593504687	1.3751784795896125
A17C_Medtr1g103260_rep2	1.0138790774121291	0.7101727482796616	1.0996318500144606	0.8004685364723643	0.8760421092123178
A17R_Medtr0002s0820_rep1	0.3025627700204313	0.17802406415942013	0.4001735666468537	0.10299399332332566	0.3145998594335368
A17R_Medtr1g076210_rep2	1.6035966748602073	0.13881446890228188	1.9282755616119351	0.04124298223188135	1.7422937148614877
A17R_Medtr7g076620_rep3	0.8955611456671028	0.0	1.3615812273038526	0.13531596451217093	0.6596201602493577
A17R_Medtr4g131200_rep3	1.3610196852763066	1.1932460756769312	1.3840498067951597	1.1159210553071128	1.2554000179372813
A17C_Medtr5g094960_rep3	0.12565110166152013	0.0	0.31382629639039805	0.0	0.15531748195172726
A17C_Medtr7g099830_rep2	4.888304895208488	4.687228694283938	4.959198279709018	4.4968883883417865	4.911835364910601
A17C_Medtr3g089890_rep3	1.4764680997765918	1.165858355952122	1.5238964552564915	0.9277700622932072	1.4284997590854065
A17C_Medtr5g007230_rep3	2.824360542287712	2.004800986263821	3.1895083170898664	1.9730601728040842	2.886680201867016
A17C_Medtr4g116900_rep2	2.2464080872463845	1.72100802026323	2.6370692017633344	1.2141248053528473	2.443164581595984
A17R_Medtr4g072090_rep1	5.297656095975138	5.004860897604578	5.2789387919001065	4.852381773197052	5.1380362388947125
A17R_Medtr8g068520_rep3	0.2314324084479651	0.0	0.30645668612492233	0.0	0.1665012204444029
A17C_Medtr4g132020_rep3	4.886241220789706	4.624003385585404	4.906521859757593	4.448548601640168	4.847094940260559
A17C_Medtr1g090010_rep2	2.1191348029344548	1.3402774047662542	2.025383221477924	0.6614455865252284	1.680024233056604
A17C_Medtr3g009250_rep3	0.12565110166152013	0.0971612888985644	0.16263972955378686	0.07404867047699368	0.11636475669178464
A17C_Medtr1g063060_rep2	3.2381754185773755	2.6403895600549454	3.9773409886642974	2.5130695822393703	3.6785226768834938
A17C_Medtr7g033155_rep3	3.462095956824926	3.0267410522048737	3.5358456015774653	3.0279796955835088	3.2194008821582414
A17R_Medtr5g097950_rep3	3.368954551341611	3.252627590772562	3.4500454930860687	3.1779177921958435	3.361253687683984
A17C_Medtr7g021900_rep3	2.619960715964833	2.3550162642195502	2.9849538513853373	2.1416507700852416	2.440863632079709
A17R_Medtr7g045502_rep2	1.400173566646853	0.8591744558664355	1.3968901525685842	0.7210080202632301	1.0867837661420665
A17R_Medtr8g099570_rep3	0.4857702851032743	0.22115529531447306	0.666908047980779	0.2330699739369385	0.5119739817818012
A17R_Medtr7g058520_rep2	2.9384112654483068	2.709511214431973	2.976485841064324	2.7141355938563327	2.803020331793713
A17C_Medtr1g009710_rep3	2.47664090866952	2.3550162642195502	2.6035175515409734	2.337996463515016	2.4768136968655337
A17C_Medtr2g028550_rep1	3.910924496893008	3.1086917160724137	3.97299892617204	3.1340566143386335	3.504959311778081
A17C_Medtr4g097220_rep3	3.185390853146485	2.515678815252313	3.5922776236204657	2.389016059688509	2.755599768305257
A17R_Medtr7g092910_rep1	0.5736976746253419	0.3891996670754436	0.7694896598584058	0.15574923267794485	0.5505723690400334
A17C_Medtr8g009530_rep2	2.8721064105610217	2.6279958620071286	3.0583164955908213	2.620664603186017	2.9924058990316507
A17R_Medtr8g101520_rep3	3.8021932169418253	3.3581148977352084	3.892002368841848	3.415803727507959	3.7508565788834463
A17C_Medtr5g024660_rep3	2.2003787979840257	1.9947003962948504	2.51853513898218	1.956923991751124	2.3063594662023217
A17R_Medtr4g048590_rep3	2.4804374767576	2.2822420942974446	2.5231437229649725	2.2392961958822166	2.4274273890849254
A17C_Medtr6g075970_rep1	0.4684964312203645	0.09130490754473344	0.8120189587707136	0.0	0.3250025660368122
A17R_Medtr0232s0030_rep1	1.7494627568491086	1.632423335658889	1.7277026728372382	1.5185351389821804	1.6946573655470862
A17R_Medtr7g104300_rep1	2.4890290638504373	1.7323415676407588	2.685566441659562	1.798534443434209	2.197446064206217
A17C_Medtr2g062990_rep1	0.5187029820445401	0.1643572238529242	0.5782141654724542	0.0	0.5894439178085927
A17C_Medtr4g093680_rep1	4.7248685146863965	3.4714042603033732	5.352864435530528	3.626010742588436	4.58706489836317
A17C_Medtr6g011440_rep1	2.1761099700674853	1.2404161031717749	2.848464370872055	0.8431798902571741	1.599000334121439
A17R_Medtr3g111260_rep3	0.7629865648805764	0.22938283424206385	0.9277700622932072	0.2330699739369385	0.4950128759994398
A17C_Medtr1g115195_rep1	1.262834017606388	0.5958218903575427	1.2391943430076728	0.0	1.2499509289798827
A17C_Medtr7g113960_rep1	5.712825023458475	4.856072722948931	5.720004786954807	4.955483302711103	5.615288768810965
A17C_Medtr4g111780_rep1	0.9525820712434184	0.4114262457264651	1.1056780778945372	0.0	0.8059802720813865
A17C_Medtr2g049330_rep3	5.0120024491069275	4.619354315545512	5.135767420199946	4.6166517584805336	5.094264225211949
A17C_Medtr8g083290_rep1	2.112144073755818	1.7797499922554456	2.259423152281415	1.5778920274693542	1.869213392464646
A17C_Medtr4g024620_rep2	6.155276998695892	5.722611743883456	6.498814642587568	5.9339109269490455	6.274292726707268
A17R_Medtr1g022295_rep1	3.0347439493247337	2.8683575257121143	3.2982672883115765	2.777858024813107	3.1723274916576165
A17R_Medtr3g005340_rep2	3.4934765503063643	3.061372992933267	3.5294045242308445	3.216454865144757	3.403085896762037
A17C_Medtr8g031210_rep3	1.6708403358815618	0.8493321172387692	1.8403625186584376	0.8570520648387316	1.6450867645723442
A17R_Medtr4g094090_rep2	0.01863417413905097	0.0	0.040307988653537005	0.0	0.02998286621571431
A17C_Medtr7g035310_rep1	2.3143098218971154	2.137831371732459	2.4838802538141045	2.173553887826324	2.2850075816332573
A17C_Medtr1g107215_rep3	5.802882512244421	5.513995979367013	6.187879892488258	5.571322867437439	5.87821035161651
A17C_Medtr2g029540_rep2	3.639733815870424	3.0883677777961704	3.836934011321092	3.2408231267436363	3.5788179804232554
A17R_Medtr7g101290_rep3	0.9027810822985418	0.023373649626505084	1.0856512635005933	0.3261538056570632	0.8455904088478547
A17C_Medtr5g010650_rep2	1.0064775640712045	0.6113297849910695	1.5322338284421435	0.6476982560691188	1.2159891541467205
A17C_Medtr5g018750_rep2	1.8919375824825904	1.3952456390135308	1.902909681936804	1.1300522491897376	1.7304588152246219
A17R_Medtr5g042520_rep3	3.4886863809412514	3.2660868825624254	3.4838372697677165	3.1715271060388144	3.366905003605746
A17C_Medtr3g092930_rep1	1.4686701975609404	0.8898628813651787	1.578536231561723	0.7821289457694306	1.229998012294547
A17C_Medtr0027s0220_rep1	1.262834017606388	0.3628906426658604	1.4594316186372969	0.0	1.1056780778945372
A17C_Medtr3g026950_rep1	1.7013272574129406	0.4215150633500486	2.013283586818423	0.0	0.7089964783075381
A17C_Medtr7g101130_rep2	3.6118018968166807	2.9228321394775403	3.5624256119606232	2.560714954474479	3.3509686390311098
A17R_Medtr5g088410_rep2	0.07587486697512763	0.0	0.09310940439148148	0.0	0.05241589415113854
A17C_Medtr1g060010_rep3	2.8623521995320202	2.675966439235719	2.9991581823387863	2.7412872001163	2.896853072896707
A17R_Medtr7g097240_rep1	0.8445195644558522	0.6473912670178723	1.0551956542421246	0.42259183541711737	0.9448584458075387
A17C_Medtr1g075330_rep3	3.0448603696787075	2.8359914253918905	3.078780598150538	2.724868514686396	2.8854442100981736
A17R_Medtr2g103430_rep1	2.4180099934686847	2.300904667840476	2.6316475680212856	2.0705038229544237	2.4809544173570592
A17C_Medtr2g066700_rep3	1.7365327207196757	1.4023583652080975	1.7301689428023308	1.3988975712024732	1.680024233056604
A17C_Medtr1g096200_rep3	4.585623584461444	4.394651325908983	4.634941703428948	4.3859601584282615	4.5564702902081375
A17R_Medtr3g108500_rep1	1.5449798832558037	1.22362848741882	1.5509006646475232	1.229792982088718	1.4568061492304742
A17R_Medtr2g084280_rep2	2.5287379984435723	1.7013272574129406	2.7832470973781165	1.3296020227727834	2.6584780948223616
A17R_Medtr7g080820_rep1	1.0031224578128244	0.7404239139386172	1.0660317686168967	0.6461626571578936	0.9318091061657259
A17R_Medtr5g029210_rep2	0.18776774704602486	0.07541853452125538	0.2178510968111314	0.09850939213407127	0.14491651140477882
A17R_Medtr2g438330_rep1	0.3184614651675829	0.1579060503032863	0.3165319543264188	0.042177370244394566	0.2578152445742813
A17C_Medtr7g081715_rep2	3.6094397912174174	3.4960361849731068	3.7095112144319735	3.3704433048213014	3.577932298653627
A17C_Medtr3g085750_rep2	2.7411433549553164	2.258317908263868	3.073077562535312	2.053227210925782	2.946044590350734
A17C_Medtr5g010120_rep1	0.5685185977925435	0.20622644078220434	0.6687242820111141	0.0	0.2758017019076717
A17C_Medtr6g091680_rep3	2.15618085423416	1.58848478533611	2.2574129874851314	1.7814296606794515	2.065572311593622
A17R_Medtr0110s0060_rep2	1.3178828828294138	0.9784397198676476	1.5902427080625905	1.0257375614136082	1.2833291680516414
A17C_Medtr3g080130_rep2	1.4700595753410215	1.1824804324683185	1.8379432418910269	1.1218995407413823	1.7389839547005117
A17C_Medtr1g100787_rep2	2.056699124299356	1.3563316489132418	2.3146965256562866	1.2970935702474702	1.7741369318108495
A17R_Medtr2g086510_rep3	6.2595110330746015	5.9963510816117465	6.359720281587063	6.020479977197738	6.258600579643291
A17R_Medtr3g083480_rep3	4.364105465131757	4.083468689909837	4.510329019490572	3.8943004017439296	4.3144065075548195
A17R_Medtr7g053260_rep3	3.4820738202919417	3.2773896988108633	3.570665315124134	3.3118421457773826	3.4848685335787546
A17R_Medtr7g077810_rep1	2.4943302665516973	2.1794048877900694	2.520883166770002	2.1430668323780657	2.4927077735115954
A17R_Medtr5g007880_rep3	2.6023301807234445	2.08213484502286	3.1697646930871404	1.742581161573116	2.443341425803227
A17R_Medtr2g006870_rep2	0.20539251298968486	0.07541853452125538	0.2302030133664215	0.10924910704673436	0.20705988681398504
A17C_Medtr1g095620_rep3	4.8494989317201815	4.775278853530197	4.847328837526624	4.77204399167449	4.812823351278954
A17R_Medtr1g032440_rep1	5.339161144523689	4.59846446263133	5.385891153619328	4.10855233467386	4.919085784633063
A17R_Medtr3g034180_rep3	1.9244799923590223	1.7560269592596365	2.051024003024467	1.488515008957812	1.9775852234779656
A17C_Medtr7g055630_rep1	2.2281516906251326	1.2910141014173029	2.632966124909667	1.2289725697601608	2.295527125966663
A17R_Medtr8g075970_rep1	3.790980504742052	3.3593337465831112	4.04558858427814	3.2791245713440937	3.7727654315894674
A17R_Medtr6g016895_rep1	2.0693584632238227	1.8163949091691207	2.168214126600968	1.722903138560449	2.0729061226696817
A17C_Medtr3g113800_rep3	1.807354922057604	1.7095847331743588	1.9667995846272042	1.6219932316661234	1.8517323868317204
A17R_Medtr3g054170_rep1	0.1974460642062172	0.06166100775542682	0.2963105607080923	0.0	0.17419333307911594
A17R_Medtr7g079840_rep2	4.960434482598095	4.794433195916187	5.076573346434703	4.639868846393339	4.9386778605444785
A17R_Medtr8g039990_rep1	1.2330699739369384	0.9791717427370809	1.311309348086219	0.5929552914746867	1.1902987916265946
A17C_Medtr5g015840_rep2	2.5606334439775003	1.5827165611401954	2.979415667843908	2.0266820426525056	2.616200839693912
A17R_Medtr4g120420_rep3	3.3386621106471632	2.8278190246173196	3.4100696917563798	2.9263790251998785	3.187609409226529
A17C_Medtr3g107420_rep2	4.807423620185799	4.709456072916463	4.909693112179052	4.618865097220968	4.861260639453137
A17R_Medtr2g060630_rep1	2.9025238486273803	2.4084401414616443	2.916540338176977	2.426801471613381	2.710099259496777
A17R_Medtr4g094218_rep1	0.35200515946691746	0.0	0.4453735776498027	0.0	0.33685463912546515
A17C_Medtr6g048090_rep1	0.19912264201360064	0.0	0.5038575325774289	0.0	0.2880632003253163
A17C_Medtr8g032260_rep2	0.28095631383105635	0.0	0.5380414533336637	0.0	0.27421195514527924
A17R_Medtr7g076170_rep3	6.167204025635487	5.743523944025338	6.228517296051713	5.627674924881163	6.131397419488487
A17R_Medtr3g093450_rep3	0.3223127622782265	0.023373649626505084	0.3364738300851417	0.02290040211007883	0.19450735657401352
A17R_Medtr8g080840_rep1	2.0911920515161326	1.9289071867876861	2.2267140272865418	1.869345019219072	2.000480818215045
A17C_Medtr2g034090_rep1	8.90330043393472	6.962614570438952	9.314219173207828	7.3927095306407224	8.082292771338304
A17R_Medtr7g076290_rep1	2.1500180227147334	1.9628574558565464	2.1855494346295674	1.9977139225626537	2.0729061226696817
A17C_Medtr4g006630_rep2	0.40671806142196826	0.0	0.7378309516094597	0.0	0.6166713604484944
A17C_Medtr5g082940_rep2	0.7245047580870836	0.2746095560960909	1.0806576633452252	0.0	0.5782141654724542
A17C_Medtr4g088605_rep1	0.5859239769586013	0.0	0.8639384504239714	0.0	0.3452071074289249
A17C_Medtr8g075970_rep3	3.277191294761746	3.0902888853291026	3.5608372115857674	3.036913548226234	3.414135532984451
A17C_Medtr2g026550_rep2	2.952768421811918	2.3554861821550066	2.9405426480985155	2.234910016043949	2.928086020123009
A17C_Medtr6g018860_rep3	0.4719677876615158	0.2686340054813565	0.5383726125319247	0.31768997047492564	0.40671806142196826
A17R_Medtr8g023720_rep3	4.311309348086219	3.9401980790252	4.375062606984725	3.806289682545416	4.349742699451406
A17C_Medtr6g042240_rep3	5.3854655510161065	4.604980630960666	5.611319947684995	4.810528792381469	5.040307988653537
A17R_Medtr3g102850_rep2	4.419786061078519	4.2530059628906765	4.548087211792557	4.23636505349852	4.467779423752999
A17C_Medtr2g436080_rep1	2.198389378952891	1.8919375824825904	2.3046083863692757	2.020057652341253	2.2104927713229654
A17R_Medtr4g126050_rep2	3.1885064271840378	3.1197435000054026	3.2990492368623654	3.0491079574123416	3.1588217222971053
A17R_Medtr8g079100_rep1	2.632190649164868	2.4690176674664954	2.8118135100663726	2.4078059300477683	2.7477454329194493
A17C_Medtr5g074600_rep1	4.443672950275786	1.3974379074473615	6.466170292168678	0.913543688467523	2.7221016615342157
A17R_Medtr3g022830_rep2	0.2566081366743607	0.12432813500220175	0.33151414371656035	0.07860983469636648	0.27222230507004425
A17C_Medtr1g021955_rep1	0.8557239831460407	0.1643572238529242	1.7253776198909945	0.28332916805164143	0.882577841332682
A17R_Medtr8g086050_rep2	4.345798487386249	3.993281861501603	4.423085087491165	4.01625858486379	4.233018828140924
A17C_Medtr2g102210_rep2	2.02290040211008	1.7632699185181149	2.170459234013085	1.6347481388276228	2.139469495038796
A17R_Medtr0005s0110_rep2	0.27818304226824303	0.13881446890228188	0.2884570027137008	0.07860983469636648	0.1995414822084106
A17C_Medtr1g041265_rep2	0.3391373849195853	0.0	0.6792736503223908	0.09671164107167696	0.3103401206121505
A17C_Medtr7g109280_rep3	3.7727654315894674	2.9471674073710914	4.0193164327065345	2.843313913671353	3.713329229898968
A17C_Medtr3g009260_rep2	1.2334790750430085	0.6995516325230893	1.5724046473903317	0.9148196194261556	1.1099176920780356
A17R_Medtr3g067495_rep3	2.3191361847580487	1.2324561046811455	2.949285902672305	1.5242308769179076	2.4186397359590392
A17C_Medtr8g092620_rep1	3.699773705184328	3.49761236561836	3.835654638257535	3.4398890476197788	3.5714341158765093
A17C_Medtr0775s0020_rep1	0.5187029820445401	0.11813819888300373	0.6489255594531212	0.0	0.38294386956899057
A17R_Medtr4g039945_rep2	3.0366205497807233	2.8051548529451744	3.330223740102332	2.64723774799236	3.0211835773445674
A17C_Medtr5g069230_rep3	0.453824829784413	0.0	0.5383726125319247	0.0	0.2469147404705168
A17C_Medtr7g085410_rep2	5.146695948030656	3.7945198406242953	5.537492803645693	4.069644888415038	4.5376688083513805
A17R_Medtr3g115650_rep1	4.141269284946134	3.956056652412403	4.354217052282366	4.027714361513056	4.150749207392628
A17C_Medtr7g105570_rep1	1.3246186152585275	0.30490038064402264	1.4277849343261326	0.0	1.2632347662314338
A17C_Medtr3g085030_rep2	1.085198013405477	0.0	1.2232165830503148	0.0	0.8945267702573945
A17C_Medtr7g108775_rep1	5.289699236912199	4.317714085929982	5.6464603071369375	3.7765251514219123	4.751356596974613
A17R_Medtr3g084950_rep3	2.05866283937856	1.6641794025591914	2.222392421336448	1.4927932133884907	2.048352452328245
A17C_Medtr5g092815_rep1	0.3785116232537296	0.152724260688704	0.6002697535090047	0.0	0.2477250157183757
A17R_Medtr4g113670_rep2	2.693394027289567	2.2863883399128704	2.7188182474559466	2.243669080966863	2.5803867176052635
A17C_Medtr1g103750_rep2	1.294155090636539	0.6294731967869488	1.3587713289133716	0.4761224198801521	1.3091761874785144
A17C_Medtr4g022760_rep1	0.8046043110415693	0.26263360154148435	1.011734159966072	0.0	0.6226180454657936
A17R_Medtr2g035760_rep1	0.6300947801834185	0.4823320207473761	0.8321473835088913	0.38183708390604737	0.8035025965619976
A17C_Medtr1g022365_rep1	2.848130483245096	2.441394946242683	3.525860073326648	2.2460026365190933	2.8784637823005124
A17C_Medtr8g023900_rep3	0.0858778351604055	0.0	0.16263972955378686	0.0	0.06304267908933701
A17C_Medtr1g050542_rep2	2.8256499656995984	2.712669142173973	2.8561225360398383	2.671066871964447	2.8307961658013414
A17R_Medtr4g102770_rep3	1.9704855729401225	1.3643856635674072	2.396798839866197	1.619178216059069	1.8518656181233968
A17C_Medtr7g099120_rep1	3.6353287547380484	3.37684601401632	3.6405438094981455	3.3741121004193584	3.4918530963296748
A17C_Medtr1g079250_rep3	2.9889572962979143	2.9194672145394587	3.0350959978967325	2.848130483245096	2.954010144177069
A17C_Medtr7g062930_rep1	1.37832665049357	0.3391373849195853	1.7202784652333272	0.0	0.6825732973475784
A17C_Medtr8g066470_rep1	3.045501217931609	2.692427198089708	3.0279796955835088	2.631492364423601	2.9003999189827967
A17C_Medtr8g081510_rep2	7.0533032484866975	5.5982063794258785	7.356830476700624	5.579260617493873	6.646585109822258
A17R_Medtr4g130370_rep3	3.542959619232954	3.1562887394494568	3.537006090626936	2.929475413108154	3.5044509028543813
A17R_Medtr2g012800_rep2	0.4254593047653553	0.267835392097615	0.5166875753732788	0.2108044470612361	0.4816433834832802
A17R_Medtr2g046160_rep3	3.772906158298764	3.559369442023753	3.914755849671647	3.4054478437075355	3.787293147724631
A17C_Medtr2g028140_rep2	1.0386702903853662	0.6409293609691844	1.4571564879988026	0.7868751166092643	1.1799356220935528
A17R_Medtr8g096840_rep3	5.484514119784605	5.105678077894537	5.4872826734930396	5.135767420199946	5.408836382063591
A17R_Medtr8g023100_rep3	6.701419678027888	5.735801952133236	6.761431556924522	5.4345726313808775	6.5239487137513255
A17R_Medtr5g088215_rep1	0.5176956306425826	0.21743753939368324	0.5476143419488522	0.0	0.39615948907315457
A17R_Medtr7g090350_rep3	0.8117450206628195	0.5531966445083141	0.7745586697064392	0.41106462270392025	0.7308935146828062
A17R_Medtr7g023060_rep3	5.5472647298120465	5.1731540905706845	5.766029703864644	4.9523180333937225	5.3934390827770855
A17C_Medtr8g068120_rep1	1.5390347029707545	0.3516283291027824	2.1862892511569854	0.3703503027235492	1.5857637754103953
A17R_Medtr7g105780_rep3	0.6132173060290294	0.3234661494476312	0.666908047980779	0.1252102475585056	0.3836812552435606
A17R_Medtr1g041895_rep1	0.1656440041144361	0.13837761953001482	0.21246558143115704	0.119466851355321	0.16005964831610833
A17C_Medtr3g464530_rep2	3.3732769926414736	2.896271848807374	3.898692072560488	2.8435819231539905	3.333566851134256
A17R_Medtr7g090190_rep1	1.063502942306158	0.7949356628035361	1.048003624188511	0.5453094537977029	1.0262098793228491
A17C_Medtr5g096860_rep2	3.6279180656232284	3.4216497038168576	3.8481972669525897	3.189719152652098	3.608612139725442
A17R_Medtr1g026078_rep1	3.987987783864678	3.806461548578629	4.138486844274806	3.7954206372497774	4.008510792651893
A17C_Medtr7g100790_rep1	4.887346547448252	4.543743322761063	5.413684338284639	4.154642612665847	5.007404832512103
A17C_Medtr6g007090_rep2	2.3170145740214454	1.6708403358815618	2.4947569353037764	1.1613502657043029	1.7511780389783107
A17R_Medtr4g106980_rep3	5.768334321968004	5.396593365152193	6.029298271481308	5.52923792165073	5.859936428119992
A17R_Medtr8g037260_rep2	2.268334577266046	2.072220159407267	2.260326813470302	2.043461166425843	2.2532833727217043
A17C_Medtr4g116465_rep2	0.40671806142196826	0.0	0.8084536997503885	0.119466851355321	0.34255474547732023
A17R_Medtr4g094992_rep1	2.519625770007374	2.3736946069559544	2.592237750890804	2.390484264919805	2.4563681060994664
A17R_Medtr7g056510_rep3	4.123114348900563	3.8232058699869502	4.1320558210854434	3.7974972545945334	4.011346543104732
A17R_Medtr0783s0010_rep3	0.3810987548004298	0.050095329004058116	0.4527711267253588	0.0	0.3130523183456066
A17R_Medtr8g106220_rep1	4.936276729315222	4.7296071491894285	5.178781025394523	4.450771366331433	4.874796965898665
A17R_Medtr5g032140_rep2	3.5626291266163923	3.425325019379593	3.6477749931261783	3.4837083099439425	3.551269907930916
A17R_Medtr2g047872_rep3	1.829308363161653	1.6591634425625732	2.0776987547539383	1.5139959793670126	1.8748625265558247
A17R_Medtr3g111440_rep1	3.0267410522048737	2.3077199493000737	3.073077562535312	2.5289879817013468	2.9532031462200297
A17R_Medtr4g086320_rep1	0.7581610186806959	0.460829917792934	0.9163492485225038	0.18861192205015148	0.5277376320282061
A17R_Medtr5g007810_rep1	4.383865542788154	4.144182363870557	4.4133232808990615	4.094545748656797	4.347098670622269
A17C_Medtr1g108710_rep3	3.9592755734305216	3.7666658283816266	4.224529118432026	3.71563716146479	3.895173341791944
A17C_Medtr5g031290_rep1	1.6328885960899753	0.0	2.0693584632238227	0.0	0.8215741694840157
A17C_Medtr5g034470_rep2	5.435150727743933	5.0658594893800455	5.947884305462787	5.132014679787416	5.552909846771161
A17C_Medtr5g095190_rep3	1.3431235194018525	0.8103745493515462	1.7186721443578536	0.965938163926367	1.3557680594637065
A17C_Medtr4g118610_rep2	3.170138718210482	0.30022136559919504	3.3093702415565383	0.0	2.048003624188511
A17C_Medtr3g106420_rep1	0.2533842358000745	0.12785335371621562	0.535721208080825	0.0	0.2582173895360179
A17R_Medtr4g129850_rep3	3.936685046642969	3.7095112144319735	3.957481291814624	3.5326078797331983	3.762951141762512
A17R_Medtr8g059275_rep1	1.3070398681206916	1.144481506112507	1.355955947077554	1.048003624188511	1.2706286069892954
A17C_Medtr4g078740_rep2	3.0491079574123416	2.464494017949438	3.097161288898564	2.3416062903508656	2.8491986517647034
A17R_Medtr6g040180_rep3	0.8744691179161412	0.5439907196648501	1.2588203968764118	0.3173040683619148	1.053806443695794
A17R_Medtr3g079860_rep1	0.7125224149894187	0.2273303441521148	0.6768691580309804	0.08451787115627016	0.5163514003651423
A17R_Medtr1g079810_rep3	5.846476600596719	5.732585783313946	5.979796718278201	5.639328648455192	5.853230529943421
A17R_Medtr2g015870_rep3	2.4195388915137843	2.227741075839128	2.478885542660894	2.214332074233441	2.3991710938198234
A17R_Medtr3g109730_rep3	0.4052662927048557	0.20163386116965049	0.6328885960899749	0.06120015643673761	0.4038130616165897
A17C_Medtr1g043430_rep1	4.365972427593384	4.044714682639605	4.355650617278015	4.051343096704068	4.245546368207533
A17C_Medtr4g024265_rep1	0.6097549621724434	0.20622644078220434	0.6185519104096024	0.0	0.4702331535209685
A17R_Medtr1g082430_rep2	0.8302553241676829	0.6103850976010632	0.8172139242583266	0.33266020100512633	0.7308935146828062
A17C_Medtr5g068060_rep3	2.9716508420228323	1.7095847331743588	3.104336659814736	1.243872148746899	3.0503275535584247
A17C_Medtr3g062490_rep2	2.9669226027505684	2.415398127962358	3.1571515308579268	2.3821138599339253	2.9817917787969828
A17R_Medtr5g006880_rep1	0.5736976746253419	0.269033146455237	0.5476143419488522	0.0	0.5163514003651423
A17C_Medtr1g043000_rep3	4.186711833187215	4.04558858427814	4.252728499707406	3.8634759740485127	4.136218734660035
A17R_Medtr4g095360_rep3	5.714382910651407	5.469571274713662	5.768334321968004	5.208218097949018	5.665970658107855
A17C_Medtr8g076940_rep1	3.2424500736777015	1.7053144410863783	3.3746685705008512	0.3939652756602425	1.9409810715660936
A17C_Medtr4g086510_rep1	4.897434062920353	4.0181296886160185	5.063632364883661	4.36809316439967	4.8591744558664365
A17R_Medtr3g466430_rep3	0.2590213433271706	0.0	0.563971603805183	0.08133962745193878	0.3045110418099528
A17C_Medtr7g106660_rep1	4.4717944180715845	4.116531109536118	4.562262779563059	4.0218646316338775	4.270304671834748
A17C_Medtr5g059280_rep1	2.5982063794258803	2.0739344564056923	3.1695509209006567	2.2057052924035685	2.528071164578736
A17C_Medtr1g018800_rep2	5.488365041771716	5.2776004732208985	5.587465007924327	5.234194722953811	5.543124644831909
A17C_Medtr1g103600_rep3	3.0195833156475542	2.7592268657808328	3.058720555260426	2.74867590379394	2.886680201867016
A17C_Medtr2g030480_rep1	0.6294731967869488	0.09130490754473344	0.946106992004798	0.0	0.4393571784742568
A17C_Medtr2g062920_rep1	8.535478869116433	7.755290420897963	8.90330043393472	6.811941918935119	8.315824322995189
A17R_Medtr8g095460_rep1	1.8206214912468388	1.6147883559946807	1.9785617494757468	1.5262357805979156	1.8249714654562263
A17C_Medtr2g046020_rep2	0.4404207207567671	0.30022136559919504	0.5567972465927431	0.21867785616951024	0.36363834677219947
A17C_Medtr8g087430_rep2	3.2177477185701866	3.117030053010187	3.3093702415565383	3.1242729850551063	3.2077887573347907
A17C_Medtr2g027410_rep2	2.2803624899737778	1.5549980688243008	2.4417490470092367	1.7696307064480363	2.072220159407267
A17R_Medtr4g125300_rep3	8.358699546298983	8.133395700211231	8.397522049273697	8.018061050114445	8.231539610695123
A17C_Medtr4g028080_rep2	5.2420562158009885	4.627704103933893	5.4203251931867085	4.4343391037076305	4.763730249516229
A17C_Medtr8g080870_rep1	3.681973922581629	3.3866730149227173	3.7809049743369867	3.47348388353391	3.5755947097979397
A17C_Medtr8g092180_rep2	3.9493792940890993	3.407579358387956	3.973335750476608	3.432825818217176	3.6633825745374446
A17R_Medtr7g114365_rep3	0.8313368047587231	0.3983503703459648	0.8557239831460407	0.08133962745193878	0.6263612563204501
A17R_Medtr1g007220_rep3	0.21950414201162155	0.050095329004058116	0.30645668612492233	0.0	0.2448870591235345
A17R_Medtr2g005070_rep3	1.059586016527891	0.9002066793297494	1.0971612888985642	0.787711057747605	1.0845178711562702
A17R_Medtr5g088720_rep3	4.711953706158132	4.5306118179048935	4.792994133088958	4.582134452897888	4.660057712400985
A17C_Medtr2g011680_rep2	1.0958119247713047	0.5932740838836491	1.1538053360790357	0.30956426953623845	0.6864631753717783
A17R_Medtr1g090150_rep2	1.305873268293602	0.5811101752255496	1.4561052163655317	0.19408705211630253	0.8849234755533074
A17R_Medtr2g019345_rep1	1.6140030448649043	1.0088693004294813	1.5703010033036768	0.8370013153280501	1.3858911536193272
A17R_Medtr1g101870_rep3	1.751606541047959	1.6684217350789183	1.7398481026993275	1.619178216059069	1.717502786611249
A17R_Medtr0249s0070_rep3	5.641536395675013	5.4340944151183965	5.6430480542527555	5.407330088457472	5.587004872357175
A17R_Medtr5g089970_rep1	3.2286134926089813	2.9768523949619268	3.2565578185870256	2.9669226027505684	3.190614860209497
A17R_Medtr1g076720_rep1	1.2690331464552371	0.7723079749584034	1.3209659774519786	0.8549265468986229	1.114144883902845
A17C_Medtr8g014700_rep3	3.481126689736616	3.3488461612689653	3.5402753041658617	3.339137384919585	3.5106244072765675
A17R_Medtr6g471270_rep2	2.807286220657992	2.5780531054621405	2.9959065622717125	2.6810743932741614	2.835789362545898
A17C_Medtr4g057850_rep2	3.993010067992652	3.74602606232259	4.304657056185958	3.70310069960416	4.1758705296470735
A17C_Medtr6g052750_rep3	0.18353944671310315	0.11281131883402967	0.17887395816979546	0.08633087176041962	0.16392804192475868
A17C_Medtr8g020800_rep2	4.145976287623661	3.5482722056359868	4.421515063350049	3.735919260919912	4.082276802047139
A17C_Medtr4g099060_rep2	4.4561052163655335	3.480049649715792	4.643990835028529	3.1644644993886013	3.791605724704552
A17R_Medtr8g027255_rep3	5.891905188211932	5.539665475226019	6.142134293765987	5.5513724587403015	5.888223703980947
A17R_Medtr8g032610_rep3	1.1451339648743124	0.3983503703459648	2.0545012161825604	0.7561693281392987	1.4052662927048556
A17R_Medtr7g073530_rep1	0.10209818761873599	0.0	0.14230451001375596	0.042177370244394566	0.08406426478847455
A17R_Medtr3g087910_rep1	0.3855230722189664	0.13837761953001482	0.7832470973781165	0.03562390973072122	0.47819525793916595
A17R_Medtr4g060510_rep2	4.372859257405931	4.229869871830565	4.364712492976603	4.129255536777709	4.264736582919559
A17R_Medtr5g014410_rep1	4.859919867784344	4.715289376344801	5.020235488401988	4.673349125327401	4.817827880593951
A17R_Medtr7g103570_rep3	0.4414834795826449	0.28293396327149883	0.5230600617952494	0.2562055428274929	0.3836812552435606
A17C_Medtr0045s0070_rep1	1.052647745504131	0.3628906426658604	1.746169421496046	0.0	0.8059802720813865
A17C_Medtr5g048160_rep2	2.583679534837683	2.2272276429567777	3.3217838181693176	1.9305481192478549	2.463448081431256
A17R_Medtr6g042240_rep1	4.920198006770575	4.374228049387948	4.864846454770912	4.1932723636123725	4.525526029149094
A17R_Medtr6g038750_rep1	1.1886119220501514	0.8893437395672456	1.2116352533271495	0.9533273291373336	1.1686420355588392
A17C_Medtr8g089695_rep1	1.7536045362799952	1.3921342117757978	2.18226853630272	0.9406052881801912	1.5748281235874433
A17C_Medtr3g013450_rep1	4.123114348900563	3.75232042845967	4.139360344666821	3.5892041944635737	4.184809238528292
A17C_Medtr3g070010_rep2	2.6383055768070927	2.536301619323817	2.6980702738952598	2.506314193644066	2.6384600492137813
A17R_Medtr4g124560_rep1	2.3241385330468867	2.13586316536868	2.4019944618032447	2.020057652341253	2.2188844720009966
A17R_Medtr8g106560_rep2	1.7737150705940743	1.5477788359962212	1.9081724215843483	1.6515301176601458	1.7829676407107269
A17C_Medtr5g071010_rep1	3.1932460756769316	2.4529467973546035	4.067179771415509	2.7572366471499445	3.5164774751732644
A17C_Medtr0180s0070_rep2	3.424384671538096	2.995122669103629	3.765499385757064	2.8155754288625725	3.3083997100427154
A17C_Medtr8g096740_rep2	5.1820831016243725	4.563402220588804	5.288186275119231	4.505552229167094	4.911835364910601
A17R_Medtr7g100420_rep1	0.35200515946691746	0.197865391353738	0.6577924213551203	0.042177370244394566	0.3733234002021012
A17R_Medtr1g099520_rep3	3.256004203766265	2.8325525021639297	3.406808748478659	2.9906523768984763	3.2857967481710286
A17C_Medtr4g051410_rep2	1.0386702903853662	0.5512288855659879	1.0708472536342963	0.6285403192627603	0.8760421092123178
